92.7529831119036
161.20638439343003
91.60409976399315
153.8754521809907
85.34897550095845
147.90849747447783
74.85053275158903
126.00915760873714
109.20410009171322
181.34014484526344
104.14794450408061
173.68943757024294
103.72248789165218
172.810380948586
108.83270748097144
181.26179627877403
82.27681007494316
138.15994756514084
84.09002385052911
143.43910106957432
100.67499629781175
174.0354904502795
88.92728838629465
148.88221860332308
77.76614805325366
133.1378136925754
74.36913028204214
128.32062276420848
110.25125626792544
183.69171353655932
85.1484051100738
143.85215981470412
87.3526958770279
145.62653085639505
85.84747786700021
143.8714252670961
83.59531916458742
140.09203242256604
90.86920296896815
150.74639674144512
88.75521568933202
148.75429376197803
91.5889446899475
155.88773876353403
82.81879266725562
138.69743436926063
82.61104563430175
143.32238392376414
87.11014763337093
146.14824972511173
80.16443424180515
137.62815711959078
83.49004942753149
135.84928727271432
97.9750382972701
164.1620552129947
81.63914218290084
135.19503231580617
100.45251804320489
167.53038173068
91.69970810186119
153.01343394751328
85.74136621388452
142.57968521707997
103.67726806862063
173.33604785882375
91.33578097473885
156.8575641644751
117.32171833837144
195.47581131851857
78.85931094307254
129.65523707456794
96.36103617667519
161.38978796355607
105.08752060962306
176.2820550815842
94.4355046216233
161.96399191631522
90.64816783889216
152.0924511074443
81.60964575961353
133.64193407819263
83.22387509196044
137.9785436716993
102.94048175286697
172.93369051236158
100.86782248759563
169.24915143968903
118.7139033378186
197.79613516274344
82.91614888650544
142.79668783794608
102.01707171378747
170.80464412292156
75.82982858211682
120.83344750871738
102.20070715736105
170.27413180785948
97.34283878463175
163.40417650177156
