10.0538
24.0450
9.0953
24.0497
9.2012
24.1856
9.8870
23.9710
9.2822
24.4343
9.3910
24.6396
9.7270
24.1377
9.2224
24.4408
9.2944
24.6185
9.8549
24.1630
9.4720
24.3874
9.5560
24.9299
10.1671
24.2416
9.3127
24.7527
9.3450
24.5597
10.1018
24.2012
9.4826
24.5923
9.6341
24.9587
10.0344
24.2788
9.6062
24.6639
9.5123
24.5403
9.7884
23.8613
9.4485
24.5217
9.6479
24.5805
9.9542
24.3201
9.5824
24.3142
9.5891
24.4765
9.9327
24.3058
9.4142
26.9655
9.6561
24.9433
9.8854
24.5029
9.4901
24.6606
9.5129
24.9419
10.1172
24.3439
9.4092
24.4916
9.4652
24.4891
10.0810
23.9162
9.5765
24.8283
9.5742
24.5567
9.8894
24.2723
9.6476
24.4292
9.4106
24.3783
9.9762
24.0741
9.2916
24.1706
9.3384
24.2409
9.9582
23.5414
9.4130
24.2904
9.6779
24.6141
9.9536
24.2141
9.6105
24.4761
