48.65109059375842
48.61975083093993
59.63288320637895
54.184836283487726
48.69530398154757
48.45392769455962
53.467961671724794
47.02273714396866
48.89377805188348
50.276923136863324
52.45980075551877
48.275128530357094
47.97121341852765
55.65280286356909
47.4046510741877
50.192292514849974
50.10202708224511
47.33947533568726
52.06198090191752
49.96969587929159
56.64960440659784
49.89920545899661
51.96924948196571
48.672333401987636
55.78106237006777
50.47985766158134
48.20106342256442
57.48115109264882
51.0680531608676
51.640295679765416
52.242243095783344
48.984753094222384
49.558205238500136
51.76033902767853
49.31980099197256
48.39573158686802
54.74995737735957
50.28314766841364
