81.08020629098472
101.15049138119082
103.65560892964214
105.79491605444615
140.84495757622133
123.47032523251056
113.38751705263128
97.83196298810924
174.6377835558478
103.76542746642384
97.50733513871877
94.10968527273945
101.29590879841236
79.5293947830643
92.47630907925402
85.1354563469098
98.82543636578244
87.63266406474543
109.05362669758455
103.69651782693157
103.50229921358239
101.80995026875968
118.33226165589113
87.39440738612909
80.56856517001054
82.47160321619033
89.43465108309273
100.83496491705964
97.29712669056919
104.92794558411676
113.3002648953948
95.28459419809049
79.01561868182544
105.55232732828522
117.36974988078296
93.95003431145867
96.79311679510629
101.90090871831327
74.07238399606399
111.72430029966847
132.02293108850927
102.54169586742316
71.40825512557176
117.06173694493471
96.90599232352662
96.077681701021
150.83578687714228
82.67558566183386
63.79884016544657
92.56623136519815
