62.26149188285373
62.93373004763767
61.0880012173851
62.13163656408797
63.18311141403023
67.90513202630167
73.32837311195958
63.62245797329005
67.77219099605813
62.23181181222792
67.17033639017427
63.1982058377574
60.47000143865163
64.07875996795414
69.75252237453054
66.85412023258564
64.93100860972906
62.58803135181301
60.06490470396849
63.153915003364084
69.75554151013316
62.04776718213597
69.15434852324665
71.25121071782499
63.466661644431134
65.5478898141242
67.06721104861401
67.15309398968057
66.4738439844065
61.37591334099472
69.23495829568859
68.60813192916243
64.38601528670472
70.87006735329918
67.09029023996308
66.9994915719115
64.92280733500348
68.39715073733332
67.55742281824597
67.48473442422485
65.38812733978605
64.71989839541334
65.54849543416054
71.17035966525467
68.55830600886503
65.02211164062035
67.05812223107867
71.1996474857267
61.74150269853821
62.77849338887335
