51.891372483008794
50.76663663536333
49.951800968681155
54.36217452620868
52.31737583445784
54.72576247280369
53.00794646792291
57.50580300888687
63.45642794406427
63.456410222245616
91.38334496234854
89.36958207208201
56.55624063838017
59.102643541756315
54.08418021435946
54.0841782801938
85.16008712004985
85.1600851646527
68.01841872426344
66.50587175984069
61.991923054161404
60.63008135656039
57.89691363541181
56.62918040909579
57.34730911298822
58.73080769622116
55.037879296426965
56.72622614234786
61.57679835381644
61.57679369143312
58.937451688558305
60.32096392700228
60.77897804436274
63.95160120998147
53.94559047760605
53.94559017348298
62.41244363156483
62.41244196322775
52.974180370431554
54.3576670890905
