19952.62314968879
19952.623011490003
19952.62314968879
59857.736419665816
19952.62314968879
39905.24055441904
19952.62314968879
59857.848095171554
19952.623149688792
19952.562959453593
19952.62314968879
19952.597687549194
19952.62314968879
59857.52819077264
19952.623149688792
19952.61630038866
19952.623149688792
19952.615834231703
19952.62314968879
19952.604399806307
19952.62314968879
19952.608297942217
19952.62314968879
19952.597234850444
19952.62314968879
39905.19773953837
19952.62314968879
39905.17861877904
19952.623149688792
19952.60741557296
19952.62314968879
39905.23525389028
19952.62314968879
39905.214883622124
19952.623149688792
19952.622069914327
19952.623149688792
19952.61709732099
19952.62314968879
39905.21612811052
