103782744.96601759
101533273.27072665
99903601.93736231
108724349.05241737
104634751.66891569
109451524.94560738
106015892.93584582
115011606.01777375
126912855.88812853
126912820.44449124
182766689.9246971
178739164.14416403
113112481.27676034
118205287.08351263
108168360.42871892
108168356.5603876
170320174.2400997
170320170.3293054
136036837.4485269
133011743.51968138
123983846.10832281
121260162.71312077
115793827.27082363
113258360.81819157
114694618.22597644
117461615.39244233
110075758.59285393
113452452.28469573
123153596.70763288
123153587.38286623
117874903.3771166
120641927.85400456
121557956.08872548
127903202.41996294
107891180.9552121
107891180.34696595
124824887.26312965
124824883.9264555
105948360.74086311
108715334.178181
