45.10854073468569
41.679536577936275
46.954701727016314
43.171329352504515
64.02680754940482
46.01174740805956
40.52612419825495
44.77931439272425
35.19927405051492
45.42145792927266
50.091210898899305
39.321516580081635
46.81321279515914
42.25214742353091
36.56208641428829
54.42756049349564
72.11476126536856
45.48965207600349
48.575291032137514
36.23578924696249
39.88635876214114
42.066491493061655
41.061312004908395
39.78691557457631
55.502086188826006
45.99297914093805
43.12839009733854
39.49721540972411
37.99038766116337
34.85998841217738
38.55851879565722
47.93537701468494
40.09321236453249
46.792012715563914
39.46340846234277
45.97635599945724
41.25730261563285
49.66792438430588
42.71297842636812
52.44669289202807
48.557557460954754
42.31841395279194
40.81134758701771
46.680192746326846
41.56902233068919
39.36347102926557
44.17563262690016
37.989257025208495
37.98718132797532
40.77019284641348
