51.38646040700261
55.09518572844566
56.94434079553637
72.2643372642491
54.82918979680905
55.45580023971697
44.21071147177919
44.31471191549207
55.71668413571425
51.12450814743301
56.755630572627446
72.93902839957515
51.782435370691395
46.32915892464282
49.187685433056494
52.13954204142095
46.160011777519486
54.18198666001542
47.38138496772886
51.495758387690664
56.096007741360225
50.462725781129215
48.97213932521715
49.08836528040398
76.52653850670437
49.12045878561667
64.29028896085217
57.38990381227472
51.78354226187528
59.55224081367107
46.640043205930596
59.608765728006986
52.09772190620604
45.53928099880005
63.079919218069946
67.10988476430126
52.314471813565056
53.1126243042993
58.069912508074225
45.917214879453525
54.377061562211686
52.48191992728509
46.36806385838905
88.00368955358944
58.530957741946224
56.160052172828486
53.84428505563598
50.754497682840096
50.952500104132405
53.42383224690205
