64.52353704575603
65.43984833856898
71.96881525309952
78.723982238065
84.29988042550221
67.74999334732145
62.70124915292974
69.6191534480257
67.89329983128047
63.700209502886366
75.92899457151672
74.34505543537334
75.83441659199035
65.72530876969468
76.87144684181314
68.80551081416587
64.26559981218094
63.94496431115427
63.68578109211749
70.27787013423297
68.30329966298861
77.71997827018903
62.73969780309326
71.05664880522882
78.44437790235096
75.68634707153942
72.94774572258811
68.3974661588034
66.00391656434496
66.86163096531115
68.15575563589708
73.97479483030418
65.89878322695269
67.76532591332864
67.2312955030734
84.36193751571791
66.77137099873129
70.54837836676232
67.92066355190197
62.506799517963174
63.974198578248014
64.0449916652376
71.36108008877419
88.0074108976308
86.69644496695983
63.69934477414674
63.59846801452137
63.234086433029894
63.79523872219481
69.0710496856869
