34.97812389470005
91.33231883051
85.07411158278464
84.77230287535181
35.288417713099996
106.62065434782286
100.26662501056406
100.19539349541364
35.246999480697816
95.77794676323752
88.91115602263946
89.07449852906521
35.169404602641976
105.9320061585948
100.93342432745553
99.05756295588708
36.99974354081039
114.27640478846446
107.39360424384029
106.0729356850375
35.73692502014167
111.23328447261899
105.53439184725144
105.4682645906466
35.20128234749828
97.33799585262848
92.12598663205382
92.16390179686287
34.61057926685067
107.7288738173786
99.59614005252284
101.01226312096651
34.96815920220589
94.1815276833425
89.0964908709904
88.6229130031233
36.64956962043073
111.83561633359967
106.63115821112366
106.69697176177937
35.37403743072106
97.27002011536139
92.9850658031799
92.24431745958103
35.401261062770516
99.00685981957088
90.91029009742209
91.50066999814442
35.90929341950779
104.41784460423817
98.73995002524114
99.71159018746579
33.59768210189516
99.30811847476272
93.84307987499275
93.84169364111985
35.10522633767592
92.94608736597239
86.41766511924786
86.72508737156609
32.98715143317528
101.67540401786435
94.97926153750814
95.23539737682876
35.86754475484797
103.12976135644661
96.45169280205434
95.96640483467506
32.51984787318551
95.29945704947906
89.7287589866763
88.82318248015356
36.03765857325175
106.256219804158
100.494229811977
97.97460853372664
34.80745201608762
102.31081438456816
95.53734450065939
97.4114085588328
