42.9825
14.5849
13.6797
14.2290
5.4882
13.6356
13.1675
13.2442
5.7754
14.0348
14.0555
13.7832
5.7460
13.3252
13.2240
13.7394
6.1881
13.8479
13.8456
13.8145
5.7241
13.3288
13.5666
13.0322
6.4843
15.0665
16.6175
22.7731
11.0218
18.7336
19.8710
18.6812
6.7437
17.8720
16.8856
18.3333
9.5708
22.6969
23.0096
22.0576
10.2600
25.5711
25.0324
25.3288
10.8312
26.1571
26.9428
25.5425
11.6188
26.6833
26.1695
26.2200
10.6140
24.6647
23.9505
23.9902
11.1678
25.3090
25.9797
26.0745
9.8986
24.2171
22.7480
22.7139
14.8866
17.4862
18.1425
20.2056
7.0855
15.8138
16.3299
22.7721
15.8536
38.4747
23.6208
18.1901
7.1352
16.3643
17.0815
15.9318
