52.131214877093385
120.3411415648708
53.18211634359386
123.89345791084958
53.02636114024798
129.35123381291183
52.22489434578594
120.80469162850287
52.96207222260702
123.38975216142607
51.60575162658324
118.14598968008168
51.196552464360195
116.67514915191549
52.29468183848537
121.21581198047024
53.44446444359268
127.0574604893456
52.19591381102508
119.21087678822447
54.88381594359608
137.66026486791992
53.924231954453546
128.37858539112912
51.043781452773246
114.91703353041395
56.90175204994786
None
53.89533819115291
129.88931791916653
51.090464902636526
114.08620464218792
54.34191528793684
130.21028291042654
51.98492322896536
117.98612261492536
56.709526640798984
None
52.524699778882834
122.6580855337845
55.23610001437439
134.1389468482615
50.904862515028924
None
51.528909671836914
117.00211619001516
54.79369453278116
137.54135367126193
53.565943695810326
126.52289270963811
