106.91169100737945
91.1556620169619
113.46560511100533
137.60087078992393
104.30656209793756
95.63982128692794
95.70878560649321
108.6959500804547
120.39946039326428
107.36643108872943
104.01138366759297
96.65474408349772
112.52843849877017
142.12026683828174
93.06657612463354
97.22467649885137
100.68289444009677
158.72034528101653
122.53255725825734
90.42130642603887
104.62002260425159
107.27975915177963
98.66181387972244
109.19326522729327
90.03986164983196
89.74987345896393
98.57781052821916
93.08670406372178
126.63153877317117
119.01694580052897
90.16941000942003
144.65032561136033
115.2554304616622
94.02513005387047
134.40202738088234
114.93712086044916
90.45820445402671
114.22794863620902
108.3778729932017
99.15870407695927
106.76603270748073
91.80259312235768
94.815837167746
98.63634052439133
104.05910331784561
102.07256408869249
108.62480145209881
107.10853087408758
104.88656525668709
117.19835508779792
