91.92624156803798
119.65034775042477
115.1976188730935
119.17692582416008
106.5739939591935
133.9318471885786
139.70797302333372
146.53356880996336
83.07623022417368
110.6064485154482
106.3634220670913
104.96239335031753
93.63916465499412
119.96257255211238
116.11912472238073
115.12415730874703
78.84126260284864
102.70570107168855
97.40616549502847
100.92314333001873
96.4572381661067
121.28589429583302
125.21095979280715
127.30044161768456
97.52642405013795
118.44516741141925
114.92185338054733
114.99643860448363
85.70791035221302
110.52563033288689
111.01036759161633
107.68683655189683
89.70430549655302
118.61941558928305
118.52397961088488
119.2089770446257
87.67874245464718
117.8466144604882
115.11878469712032
114.4222936259951
78.41977489661011
102.24103614723538
98.54350313815578
98.32053290854144
84.81979120528841
113.42539994825054
111.3249150977955
111.8255766557111
143.1474972849025
174.63813120011937
184.6474755693844
182.22438047776112
87.72306715144377
110.57582522383052
107.79175408098583
107.0888570725354
132.82408250281318
165.78010265767927
176.12600258988957
177.62260610814977
86.96651907890661
115.6623206398196
109.01755855508587
111.61218944147336
100.03513224239754
127.30678864511823
122.6676397380219
120.87151591304324
121.69259705763231
151.86574102069355
163.44214718910868
160.58418561119706
114.86825180882525
143.33530261164861
147.63673538117573
155.57355407039424
87.09977973164149
109.93673711986433
107.99732117670226
105.98773157811269
