5.7858
12.9117
13.0384
13.0046
5.3325
12.6681
12.4544
12.0741
5.4867
13.1380
13.0725
12.8437
5.5359
13.3273
12.5770
13.0277
5.6208
12.7639
13.0386
12.5782
5.6651
13.0782
12.8256
13.0095
5.4088
13.0133
13.0997
12.9702
4.8813
12.1532
11.8432
12.3274
5.4509
13.2277
13.0328
12.6243
5.2334
11.7891
12.1822
11.9921
5.4978
12.9350
12.9012
12.7137
5.8265
13.3300
12.7685
13.3696
5.7002
12.9168
13.2819
12.5999
5.9466
13.3892
13.5982
13.1182
5.5717
13.3679
12.5980
13.1359
5.5385
12.8699
13.3537
13.4209
5.4969
12.9993
12.8752
12.9780
5.2032
12.3802
12.2240
11.8026
5.5672
12.8655
12.5329
13.1353
6.0639
13.9315
13.6710
14.1571
