109.13577111475774
128.6699651106384
119.28493966264382
134.74603850853316
117.1976281664546
140.97798357679173
135.64112539661912
151.763088078211
126.33110054145901
144.90984808540412
134.78238198083696
150.8089304023025
141.8372058030311
157.48577168717475
169.78134089767198
188.53480769184884
200.5920855684577
222.76897303654852
113.10349651958653
131.0457478596112
150.9288898192408
167.58764337507915
124.02659989017829
142.23813695849222
129.11528658196383
154.28782618667685
140.8914881131885
156.4349428404148
138.44940856371815
159.6199962927621
122.0250972004315
137.4306681385789
145.9279161712003
162.0310074190626
177.45764581808518
197.06404471052767
166.93462638725373
185.37178236472178
132.4245977067471
158.5201937877525
167.4643663650719
185.9603858093786
184.98021606257674
205.42245105584715
142.96653143757908
158.74056992894245
174.26212987680043
193.51347638454428
125.12822737364694
141.12751274787496
122.47828604426346
149.91981675169768
126.2951617230498
143.61416814382846
247.4817958801054
274.86865969784554
133.05715723631735
148.89200457088427
139.59002288899833
154.988894310731
132.4025886069062
148.16467960850588
202.1867539228445
224.54081527003652
115.27824865323088
129.02653145988143
182.43827907210306
202.59808632051264
162.16253011211387
180.06947633918753
114.61171472502305
130.1224628735339
181.18226767121425
201.20249108767715
121.66815140996697
145.51656483970467
125.12699794420233
138.80776797804208
125.63759707020643
145.15637511246794
168.52325881653067
187.13694815320213
162.60985377957496
180.5664968462133
141.1812094905128
156.75688945231715
160.7236952414843
178.4707235590378
130.60323088463872
146.16538597694498
129.9004577861905
154.02700387340528
141.77356502050614
157.4150515232766
154.65985844629282
171.73312377960096
118.25150640578228
141.1418815128256
112.63123215148818
133.89100190384076
