9.0843
23.3444
8.7488
23.4923
8.4569
23.9560
9.0265
23.2972
8.6300
23.3395
8.6874
23.8094
9.1750
23.6123
8.6862
23.8900
8.6616
24.0738
9.2851
23.4848
8.7712
23.9291
8.8098
24.0686
9.2044
23.4683
8.7235
23.9505
8.9029
23.9774
9.4180
23.5300
8.7824
23.9325
8.7313
24.0281
9.6518
23.7336
8.8942
23.9439
8.8877
24.2827
9.4034
23.5617
8.9050
23.8129
8.7363
23.7317
9.4220
23.7274
8.9669
24.0826
9.0333
24.0947
9.3376
23.7851
8.8139
24.0599
8.8882
24.2510
9.4341
23.8262
8.8313
23.9012
8.8933
24.2119
9.4699
23.8490
8.9963
24.0988
8.9655
24.2179
9.5360
23.8006
8.8172
23.9111
8.7759
23.9604
9.3497
23.5885
8.8952
23.9293
8.9897
24.0177
9.4978
23.5920
8.9173
24.1157
8.8362
23.9400
9.4488
23.6356
8.9581
23.9931
8.9749
23.7468
9.3829
23.2874
8.7774
23.7095
