61.90285840589029
143.13256645952953
60.65420268843322
130.85837645406536
62.66908480303267
141.1657497142522
65.21170752891965
185.5861771929717
72.90158134127847
231.04417597482305
58.02204510744699
118.89287373644655
59.095233544330064
123.60317065955724
60.892871856774
128.90214156821452
58.947785122050846
None
59.41403899973576
124.37173522277814
70.83185364348572
219.2455265538479
59.85621006820213
126.1861405222319
59.01601409390858
123.02586176843882
60.021750304385634
122.84278872779163
58.593044460634374
120.82964705580098
57.63484769794615
118.91798711045683
59.192152437320395
124.37535987077862
61.9757414971666
134.9106662760792
61.546855790835636
131.30859430173484
59.79967535692097
124.55758655999915
60.07755447756422
126.59210583650334
60.70877511227622
130.0455648419608
58.02634835857515
None
60.0342373475984
128.27330014602313
60.60765694871316
128.9074547726592
64.0695876073604
170.9501291326057
58.24153131649781
118.5803818062266
58.48462969917953
120.53531602962535
68.21672548512194
201.79210268342624
60.37967966742431
None
59.926848921901566
125.79258083460492
64.83424547414864
168.60838638544982
74.10610505074837
233.8084546462785
60.371753694913096
131.40180363886168
57.838408934625164
118.82437106034642
59.83782823603845
126.30434877923359
59.62166248548477
None
61.874911324491805
134.65876155447248
60.81612632098102
129.39362389070683
57.68937166522174
118.90779617143667
68.8999833476723
204.88510519288343
59.898618765475135
127.91450583599256
58.28757472977452
120.69275959924947
59.18716641711488
123.4192389622295
58.15345599473956
121.7314970522164
58.381085496602445
120.24912045148534
57.236382449332034
116.80880810944234
58.72131296026467
121.15221537626644
61.672175429771436
131.6851104856136
60.20607758482884
127.06757471490643
