10.4524
26.1442
10.4223
26.2809
10.2645
26.3869
13.0432
29.2348
10.9001
27.9552
10.8629
27.7772
11.1809
29.4666
11.4544
29.9086
11.2297
28.2348
12.5455
31.9111
15.9950
36.5287
13.9688
36.7501
13.8900
30.1014
12.2255
28.6400
11.9823
29.9567
11.6653
28.4203
11.1396
29.0795
11.3516
29.6723
11.8061
29.6859
12.6970
30.1776
11.2581
29.2757
11.6086
28.1199
11.2355
27.7930
11.2116
29.2497
11.7181
28.0087
10.9062
28.4006
10.9337
28.0780
11.4957
27.7143
10.8647
28.1531
11.2099
27.6169
11.4324
28.1645
10.8443
29.0872
11.0286
28.4621
11.3833
28.1751
10.1144
26.0910
10.7908
26.1930
10.9306
25.3701
10.0739
26.2808
10.2240
26.3754
10.7697
25.8954
10.1092
25.8200
10.3481
26.1383
10.3826
25.7895
10.1520
26.6129
10.0871
25.8902
10.7932
25.6634
10.5451
26.7244
10.0852
26.4964
10.5776
25.8811
9.9170
26.1797
