32.811914143052206
34.82283508929079
28.867037261061707
31.917931044452587
28.26831540230725
31.203829985237697
30.088063635540685
33.27816474327641
29.8412761671838
32.187253564394744
30.726369037364798
33.75367538567233
29.115982591933516
31.7949640836387
28.889031719887136
32.115797892892964
32.20109564258183
34.75913149905088
32.97173541302187
33.88286370320692
30.855655569484753
32.66191341662914
32.10202935844511
33.66242925560236
32.721270022385475
None
28.644826889557393
31.77926140589146
29.87823404250953
33.01921231815081
29.467396536065134
32.65540670641553
32.619956579353634
34.82295615264495
30.609528921950236
33.76228678108284
32.102622412856505
33.54058602156079
31.194847450095445
34.33778940212201
