19952.62314968879
99763.07701718388
19952.62314968879
99763.08113881556
19952.623149688807
99763.08132412504
19952.623149688803
99763.11103359844
19952.62314968879
79810.47945022011
19952.623149688796
99763.07911212863
19952.62314968879
99763.08858219568
19952.623149688832
99763.09331247216
19952.623149688825
99762.97757836289
19952.62314968879
99763.10609687239
19952.623149688785
99763.10808254156
19952.62314968879
99759.41387274854
19952.62314968879
None
19952.62314968879
99763.05349003995
19952.6231496888
99763.09534109899
19952.62314968879
99763.0929694789
19952.62314968879
79810.40350844504
19952.62314968883
99763.09810438343
19952.62314968879
99763.07653815838
19952.62314968879
99763.07013912985
