83059570.71526103
93114175.44645396
75335186.30530854
90589655.22226295
72341577.01153623
87019149.92618848
75440318.17770341
91390823.71638206
92206380.83591901
103936267.82197373
75631845.18682398
90768376.92836165
73579912.95966758
86974820.4181935
75445158.59943569
91578989.46446483
95005478.21290913
107795657.4952544
131858677.06510933
136414318.5160346
76278277.84742376
85309567.0831457
121510146.79222552
129312146.2780118
79606350.11192738
None
74224134.44778697
89896307.02945732
77391170.21254764
93096061.59075403
72336982.68032566
88277033.53207767
103099782.89676817
114114780.76322475
75047644.60975116
90811433.90541421
112513112.0642825
119702930.10780396
80974237.25047721
96688947.01061006
