92.02923278677895
88.63132834232002
113.46560511100533
62.41265395513299
94.96108013584656
85.55513805406075
92.07972698793655
72.0633938443833
102.96125948978538
106.83889547142427
71.0482301913184
85.89490065176223
94.5421934273334
142.12026683828174
67.2538303076571
91.2636219014836
78.40736901420101
116.85451983028655
121.60077176162098
75.76383947021013
67.30875971658914
107.11079757802489
79.10995412536393
72.58845707043878
86.01269815927495
88.08854793325912
76.63369416613163
92.0249526421645
92.84372367370986
91.57363819430799
71.72816729469123
88.38587117347426
82.44300367889103
90.77999028911555
106.38943476892648
114.93712086044916
62.58047431130642
113.20078662911193
82.77659202133347
90.28324389809364
105.03417915785559
90.50521202827218
92.11480037621212
98.55911173822261
71.14402693049833
101.48588647513716
84.16950335077432
90.8435857613828
102.23977769162069
110.32505221606093
