39.65398324395417
41.73234436148022
40.5232568929362
43.07764987429197
35.12841083409503
36.56449533020107
37.013120343439404
40.07544733063267
30.82065422024369
None
41.15299307603513
45.07167308460158
50.12037261713113
50.48467322257567
40.75057766092132
43.088471793241176
35.09984846827434
36.97898011483213
48.48558105498238
49.21219247539166
44.13385375799985
45.470867507585815
45.99143797311239
48.808067991722055
36.099821766084084
38.087971967975115
42.19734945995789
44.18999186898233
38.23657391924848
39.55376680989155
41.3065501706162
43.98030686024769
38.742873596982406
None
36.008719271500254
37.55288864310853
41.45660709863773
43.861760024584825
36.7634098257857
38.66934976541836
