19952.62314968879
99762.79886859194
19952.62314968879
79810.47693364842
19952.62314968879
59857.85801931457
19952.623149688792
79810.41384626854
19952.62314968879
None
19952.62314968879
99763.07617302351
19952.62314968879
39905.0671809831
19952.62314968879
79810.28141713368
19952.623149688796
79810.2122193627
19952.62314968879
59857.841348151764
19952.62314968879
79810.35168850927
19952.62314968879
99763.07538198816
19952.62314968879
99763.00838917721
19952.62314968879
79809.87323769758
19952.623149688836
39905.18149221591
19952.62314968879
79810.13606959941
19952.62314968879
None
19952.62314968879
79810.20663399165
19952.62314968879
79810.45133671166
19952.62314968881
59857.36434264181
