110846610.8131806
117774481.20493409
120410856.30978735
128925499.58097325
99761369.44698344
104548317.76733689
111377067.81146468
121584824.43544222
85402180.73414563
None
117176643.58678377
130238910.28200527
164401242.05710378
165615577.40858558
121168592.20307109
128961572.64413728
102332828.22758111
108596600.38277379
156285270.1832746
158707308.25130552
140446179.19333285
144902891.69195274
138638126.5770413
148026893.3057402
102999405.88694695
109626573.22658372
127324498.19985965
133966639.56327444
116788579.73082823
121179222.69963849
119021833.902054
127934356.20082562
106476245.32327469
None
104029064.23833418
109176295.47702844
122188690.32879247
130205866.7486161
109211366.08595234
115564499.2180612
