93.66616936117092
137.18735503583036
141.1846840980037
143.67461950744328
94.00309703926061
133.8615561960437
131.7285480297308
133.5673454465428
101.24334147065463
141.01141942808331
139.44864218686507
146.2749837300895
82.46094430762776
125.07662550708898
122.65857567760213
122.90160514298918
93.04065748687866
133.69156131051835
136.19677789454434
135.78850142690555
123.56164722692105
172.07626510765522
176.6201637297185
179.50460995267173
78.31166950946708
118.57803814768481
115.08023302144102
116.05785734630835
95.01524803612472
136.09327116301228
136.2962035674269
130.58008186049116
76.80674812404368
113.72325234818719
112.29423393680553
113.07577098946373
88.93133760901918
126.61619431279074
124.7873940691412
126.32488040480116
77.75921659207039
109.72749723887038
108.40237718682326
110.21783941880058
77.59374723789259
114.55780414544219
112.4210207874015
113.69768351105195
115.18894180653247
165.6919659733577
177.9604955772148
195.00502437726666
94.1052686002419
134.00751335421128
131.9574110319033
134.2488243810709
89.43052863219367
128.96279793295454
127.63660446977738
134.99401603845047
109.30272962312604
155.71816718864062
169.08024101647408
161.52378799788013
75.72816833514271
114.67412645494737
109.42139544284285
109.71882331562094
116.74015847897303
162.6015414301034
161.6533484075061
167.08579588471855
77.87784388011366
111.10462689483317
109.37536159054524
107.56739746451257
78.95956881452024
119.12048137729757
116.47128847013138
116.56332252427164
