5.4461
13.2531
13.0045
12.8940
5.4791
13.0592
13.0118
12.4316
5.7201
13.0700
12.6781
13.0774
5.5923
12.9045
13.1195
12.6402
5.2254
13.1579
12.9933
12.8104
5.4729
12.8330
13.1256
12.9765
5.8660
12.7475
13.1190
12.6905
5.5854
13.5887
13.3248
13.7797
5.5043
12.8298
13.3773
12.7277
5.5565
12.7994
12.5214
12.8211
5.5244
12.9923
12.9289
12.4744
5.7091
12.7991
12.7068
12.8793
5.6764
13.0695
12.8604
12.4498
5.1228
11.6776
11.2162
11.4665
5.5284
12.8199
13.2525
12.5471
5.8088
13.9454
13.8598
13.4441
5.6155
12.8493
13.0070
12.7654
4.8245
12.0337
11.4169
11.1950
5.5626
12.8077
12.6017
12.8389
5.9771
13.5303
13.2892
13.2939
