77.30676475590468
189.60274261411755
94.16774396583392
233.6922720216753
63.70609912043723
None
69.90791293342551
158.62339014417293
65.59782145879932
134.55329157167205
86.12810990577161
209.7631078798544
63.81850014146967
119.5882166928534
64.50547268522054
121.54400927875487
65.77835169792567
124.47453713912141
69.93663593410722
157.393224012177
77.56530236596349
189.13405673075084
75.80991942556452
179.41569299310706
70.90657839042937
163.13496300613556
64.19635729497577
123.73749435887738
67.96322917273011
135.20624047663523
63.42285236778952
129.7864410593916
72.31857673621117
161.85497161924377
67.49339925685683
139.01946397086923
66.93412415059319
131.51958580529913
72.54507738976523
169.0074696062663
76.25631735554894
183.5795664214806
63.665073327998925
117.65927999662185
80.57230017985565
195.87359929067662
62.36433011152924
113.29646069771727
68.88449024604368
153.3633298139021
61.943184605932885
118.99460196035625
60.45864511816131
None
80.24027211455646
194.19129326596976
63.04186308502176
117.5374574319041
63.26150760820685
118.11750504571441
67.05239796770913
133.04545221849148
65.0963477071151
126.22968535921785
65.29857421122338
130.18700004631432
64.7499526827845
129.3605748423194
62.270541616010306
118.12645096769593
71.3413295281513
155.507403384312
65.66758151206041
126.9406188986283
66.06156752391811
134.91249194059142
61.01068666638578
112.69981860814293
61.69230532112045
112.3438402556205
75.95747653155851
179.39710253083095
73.29631325688926
172.28512739964305
78.2623057328287
183.25565221909955
68.08201897069394
148.4825485890354
68.88868460295012
149.22122431049857
62.64568133224776
121.52041366742536
85.62294147549959
212.33027309272842
74.25657812999404
173.52658413059098
66.93926661314858
137.05856557155576
62.97803563295494
119.88864686268037
