9.4440
24.5914
9.7028
24.7026
10.1339
23.6418
9.6676
24.4733
9.5060
24.3088
9.9225
23.7414
9.4370
24.1223
9.3648
24.3878
9.9274
23.9015
9.5306
24.3364
9.5153
24.1649
9.8742
23.6855
9.5688
24.2233
9.6046
24.2524
10.0110
23.8362
9.4424
24.1959
9.7437
24.3731
10.0000
24.0077
9.7226
24.2016
9.7128
24.6843
10.3229
24.0038
9.5642
24.4083
9.7203
24.5661
10.3585
24.1710
9.8064
24.5529
9.7164
24.6172
10.6778
24.3986
9.6260
24.8753
9.7057
24.6810
10.0665
24.2493
9.7579
24.8198
9.5796
24.7177
10.4393
24.7790
9.4856
24.5844
9.7406
24.7182
10.1353
24.3449
9.5974
24.9733
9.4696
24.7847
10.3838
24.5946
12.3748
27.6581
10.1228
25.7755
10.6064
25.6444
9.7830
26.2840
10.3121
26.6920
10.4840
25.4920
9.9779
25.7017
11.6060
28.7082
10.6940
26.4571
10.1004
26.3656
10.0838
26.6979
