5.0719
25.7021
27.8129
27.2612
25.4825
25.5560
4.2058
23.6029
24.2406
23.3124
23.1170
23.4055
4.1396
22.7009
22.9385
23.2391
22.3713
22.5756
4.4334
24.1761
23.6069
23.3621
23.4992
23.5911
4.1144
24.1019
23.7826
23.6461
23.8867
23.7405
4.0866
22.4373
21.9535
21.7030
22.3984
21.0352
4.3109
24.0626
23.9277
23.7600
23.8284
23.6278
4.6958
25.1484
24.9485
24.4190
25.2428
25.3829
3.8357
23.4077
22.4411
22.6202
23.2034
22.1139
4.4009
23.7769
23.9000
22.6359
23.9041
22.7350
4.1883
23.3034
24.1288
23.1381
23.3210
23.8794
3.6857
22.2282
22.3568
22.7414
21.9752
22.4845
4.5970
23.9300
23.1849
23.8643
23.6420
24.4835
3.5602
22.4668
21.3634
22.4129
21.8188
21.5286
3.5060
22.1469
21.7924
21.9685
22.0242
21.3216
4.3031
23.9028
24.3644
23.6944
23.8321
23.5132
4.3102
22.3219
21.6527
22.1328
21.8377
21.7570
3.7943
22.3923
21.7452
21.6852
21.3338
21.6750
4.6436
23.8218
23.5869
23.7740
23.7018
23.1446
4.3512
24.5178
24.4565
23.8772
24.1571
24.4415
4.0492
25.4549
25.3271
26.0912
25.3450
25.8144
4.4055
24.3649
23.4357
23.6832
23.2929
23.7269
4.2581
23.2630
22.7407
22.1556
23.1282
22.3728
3.8864
23.0525
22.3106
22.3222
22.8480
22.7076
4.4431
24.2177
24.0875
23.3086
23.5676
24.2187
4.3138
24.9636
23.7811
24.8931
24.9948
24.4265
4.2519
24.9967
25.1530
24.1512
24.3240
24.2394
4.3321
23.9288
23.2124
23.9936
23.1734
23.3807
4.6857
25.0812
25.2968
24.5810
25.4680
24.7870
4.2058
23.1551
22.3792
23.4662
22.7537
22.6923
4.4000
24.3496
23.4005
23.9587
23.8161
23.8502
3.8206
22.8753
22.8793
23.5066
22.6196
23.4598
3.7615
23.0115
23.0487
23.0057
22.6413
22.7156
4.4259
24.1428
23.8182
24.5332
23.3744
24.0761
4.0070
25.3011
24.7711
25.1141
24.4137
24.9937
4.1170
22.8261
23.5902
22.8251
22.8969
22.6470
4.3118
24.0763
23.7993
24.4354
23.5303
23.7072
3.8554
21.8934
22.6820
21.8483
21.9993
21.8122
3.8776
19.8735
20.4156
20.4625
20.3920
19.1975
4.3765
23.1554
23.8065
23.7394
23.2462
23.6526
4.1025
24.8978
24.3893
24.2380
24.5339
24.1462
4.3511
23.3879
22.8336
22.7627
23.4834
23.3057
4.3944
23.7795
24.2689
23.6138
24.0963
24.0044
3.6420
22.2459
22.1781
22.1200
21.6267
21.9297
3.9225
22.3578
21.7730
21.8504
22.0657
22.4772
4.3302
24.4509
23.5778
24.2746
23.5853
24.1677
3.9590
24.9113
24.8488
24.6958
24.0631
25.0144
4.2150
24.8791
24.7393
23.9423
24.7888
24.1592
4.4265
23.9388
23.2665
23.8945
23.6170
23.9303
3.8538
22.3458
22.0328
21.7304
21.9836
21.9124
3.6785
21.1798
20.7536
21.1855
20.4215
20.9369
4.2522
23.4873
23.0898
24.3690
23.6344
23.3178
4.5480
24.0889
23.1964
23.3584
23.5678
24.0378
4.1917
23.7720
23.5712
23.0081
23.4524
23.5867
4.3791
24.1131
23.0641
22.8736
23.5982
23.5509
3.9883
24.0098
22.9453
23.3430
23.4350
23.2513
3.9621
22.9709
22.1302
23.0378
22.1647
22.7672
4.4125
23.8872
23.5543
23.1260
23.7595
23.2642
4.2171
23.8938
23.4973
23.3997
23.4510
23.4368
4.2902
24.7268
24.1576
24.4904
23.8686
24.5478
4.3601
23.8273
23.8081
23.2799
23.8713
23.2380
4.7517
23.1768
22.7117
22.9978
22.8029
22.9608
3.7534
23.2811
23.0595
23.3405
22.7292
23.0091
4.4348
24.5655
23.6967
24.3694
24.6133
24.0610
3.8794
24.5741
24.6432
23.9005
23.9862
23.7407
4.5872
24.0198
24.0064
24.0796
23.6908
24.0471
4.4364
24.3738
23.5416
24.6146
23.5881
23.4436
4.6638
24.8166
25.2634
24.2715
25.1249
25.2123
3.9506
24.6338
24.8973
24.0829
24.3925
23.7695
4.4371
23.1696
23.1732
23.9363
23.8391
23.6605
3.5730
22.3934
22.8096
22.6490
22.7564
22.7609
3.6450
22.7870
22.4599
22.0465
22.3530
22.7621
4.2346
24.2078
23.1525
23.5240
23.9864
23.1441
3.8906
21.7324
21.8573
21.9318
22.1002
22.0789
3.6906
20.8160
21.7676
21.0659
21.3537
20.7291
4.2863
23.8828
24.4017
23.5361
23.6973
23.6645
4.6818
24.8180
24.8424
24.5307
24.9041
25.2774
3.9838
24.8129
25.0730
24.8409
24.6008
24.0069
4.4169
23.5878
23.8415
23.8955
23.3456
23.7515
3.6108
22.1781
22.8624
22.7527
23.4969
23.2915
3.7237
22.6080
22.4496
22.2703
22.0315
21.7804
4.3135
24.0505
23.4226
24.2189
23.1464
24.0657
3.5678
21.6614
21.4662
21.7301
21.9557
21.6015
4.0565
22.6694
22.8001
21.7515
22.2243
21.6484
4.4443
23.2964
23.7028
24.0473
22.7965
23.8716
3.7253
23.2498
22.5051
22.9935
22.2487
22.2385
4.1222
23.0260
22.4622
22.7088
22.5510
22.3091
4.3959
23.9528
24.2928
23.5099
23.9063
24.6985
3.9380
25.0233
24.9020
24.9236
25.1331
24.2504
4.9098
25.9343
25.5118
25.8393
26.0214
26.0071
4.3953
24.3681
23.9392
24.1120
23.3728
23.3762
4.0125
23.1563
22.6762
22.8377
22.7835
23.1362
3.6176
23.1372
22.9078
22.6091
22.9128
23.2076
4.3700
24.2474
23.6887
23.8677
24.4639
23.2514
4.1069
23.3243
24.3913
22.7843
23.7839
23.6900
4.1134
25.2657
23.9620
24.9312
24.2826
24.7140
4.4886
24.7019
24.4397
24.3485
23.5743
24.2386
3.9833
23.2790
22.6951
23.1335
22.9890
23.0149
3.7921
22.3769
22.1454
21.8437
21.9398
22.1104
4.3089
24.1725
23.7451
24.3508
23.5409
23.9068
3.5171
22.3211
22.1910
21.9889
22.3666
22.0030
4.0375
22.4300
22.1123
21.7906
22.1090
21.6177
4.6398
23.8208
23.8517
24.3142
23.2572
24.2351
3.9327
24.7946
24.9274
24.9183
24.4779
24.5581
4.3312
24.8998
25.2335
25.1675
27.3606
26.3918
4.3593
24.7628
25.0085
24.1637
24.4052
23.8628
4.6417
23.1673
22.5204
22.8967
22.2795
22.2309
3.7718
21.8352
21.6684
21.9768
21.7006
21.4085
4.7403
23.8982
24.4079
24.7168
24.2777
24.9911
4.0143
24.1948
25.1049
24.3690
24.9852
30.2005
6.2510
28.2521
26.6145
26.8406
26.4828
27.3828
4.7839
28.4385
32.2577
31.1408
30.8032
28.1592
5.4730
31.2610
29.4754
27.0828
