112.7346534848667
121.28500840774377
149.7400241946408
129.33475634084837
154.89589741001055
138.8441230322773
126.28266165728357
132.84875920752586
165.83882583428942
120.90497530593777
145.5970667767207
121.4452821254731
118.3732579502829
200.11953704849944
115.81286006062858
116.74220965025991
134.7895848044624
109.36323166857346
132.3094200074158
177.708353405867
188.28260387186995
157.26359392586906
134.13563902972896
182.13943697109963
130.34412356077482
119.80548364577861
116.5599794507949
117.26806860438043
130.72103847104609
122.59940543188166
121.63320517444916
104.65705012705818
117.26402313415923
143.44890571175048
143.87302365906626
226.01608163827512
138.5318189418318
136.0925907046882
116.29453567746488
136.3470388422007
129.68550816426193
160.3198201859165
150.52278597071302
141.79554781862615
201.84338277460273
148.92417465745154
116.61628214714214
109.38189407105267
113.50967206159372
139.0135511277806
