8.575636454206197
48.346594501181116
48.05860601676479
5.579125495658312
33.38586909547767
33.66112079508243
9.398632083569591
55.75314013074435
54.699106645997404
9.103698668663043
53.87439678599029
54.12940530853488
9.198335691877755
53.94353084575241
53.79129992706491
8.444700138812719
47.39822825153174
48.02816902552224
9.262832995925946
53.85825355396772
54.73064328412598
5.026952428805576
27.649431331736977
28.287852843850267
8.941870891098871
51.37648223706791
50.694053705185574
7.078422813730471
40.433244625054094
39.346837996338614
