120.9607867006856
120.96076824488131
135.70331884703404
137.88391407577245
177.0508057479352
177.05077574068108
199.95224256051486
199.9522412835173
151.63062870008943
158.47208535893506
190.07771695760806
190.07770567467642
136.76458145144647
145.12065673604445
146.2951179270608
146.29511437529905
152.10523435314295
152.10521545565808
141.64436374678306
150.59134917992816
144.10985665735657
145.38280555904007
166.1336531312156
166.1336507190657
139.00098462501109
139.00098106964552
163.5597163648926
164.83267225599838
162.71055088937257
165.65753848513944
133.34681444505708
133.34680849267548
204.7963628147878
204.79632125722438
144.51674424851174
152.22836611413365
129.30031022169814
129.300305189423
176.18706406520772
177.46002599920243
151.38398009270378
151.38397815696922
167.08304383319003
171.30398395945588
121.36915276788744
135.93608220766401
134.6460564350713
141.80121248027248
151.66623870750334
151.66620253971794
150.6090348080445
151.88198540841543
125.65971061767593
127.84025087264536
130.4230184297943
133.36994127300932
206.1324579490978
206.13245409013123
178.38928766672515
178.38925860252826
154.63778559784464
154.6377803183146
127.77451748859846
136.09755547738345
147.59540614092222
147.59539686205508
137.7587776955312
141.3783254699244
172.95979744153166
172.9597959342789
130.04296819520246
130.04296694460163
161.42864048713395
164.3756252450282
168.64134352637876
168.64131056137384
167.02094759199346
167.02091162024078
129.8920282291822
131.16496232513794
133.78127757510245
142.95229579518013
141.0177658288128
142.29071555725702
133.6821242675619
142.8208058264348
129.20557754367397
139.9252830267681
169.733350871243
169.73334267640297
136.78084803330884
142.90141850389313
162.72413734524508
162.7241335387109
177.72047160969674
177.72042756160164
132.37291910745282
132.37289987936958
122.78468389401336
131.5227256993553
