7.5674
22.9060
8.1671
23.0435
8.0107
23.9920
8.1739
23.9035
8.6029
23.4784
8.5550
24.4609
8.8832
24.4174
8.3079
24.2582
8.2348
24.5719
8.2925
24.6080
8.3795
25.0587
8.1671
24.3171
8.6664
24.9094
8.6463
24.7088
8.9051
24.0023
8.3309
24.4555
8.3344
24.6521
8.9587
24.1817
8.4128
24.6127
8.4403
24.5458
8.8451
23.3137
8.0807
23.9676
8.2623
23.6221
8.5743
23.1308
8.2155
23.6445
7.8811
23.3552
8.6411
23.2042
8.1752
23.4943
8.2371
23.4602
8.5261
22.8669
8.3311
23.4667
8.3498
23.4055
8.6066
22.7430
8.2386
23.1072
8.2475
23.2879
8.6939
23.0740
8.2132
23.5433
8.3147
23.5506
8.8920
23.1347
8.2599
23.5540
8.5265
23.8588
8.9164
23.4103
8.5949
23.8548
8.3046
23.4309
9.0643
23.1271
8.4954
23.7964
8.5481
23.9533
9.2550
23.4476
8.5429
23.8512
8.5948
23.9814
