28.208593882227845
30.37057657838777
29.10882733511773
None
29.575910303992167
None
30.254476092902614
32.71128007529548
27.309209240095555
29.4542714415263
29.952815042843213
32.36324127564176
29.730602538531198
32.0806116277943
31.58024031192953
None
27.345497914079264
None
30.063524794324625
32.51973125311914
31.358403687716656
31.99926798016012
30.432078310895633
32.26698462854586
31.713457553439625
33.84099460615825
31.174692759665835
33.60676375494033
27.48758370804157
None
29.057617378438202
30.910192419732716
29.72566721128932
None
27.09433868144145
29.441583163813572
30.776728272908223
32.92270101779983
31.890267709757858
33.57109771317474
