19952.623149688803
99763.07970986632
19952.62314968879
None
19952.62314968879
None
19952.62314968879
99763.06863943911
19952.623149688956
99763.02100548733
19952.62314968879
99763.11367623128
19952.62314968879
99763.07756908372
19952.623149688796
None
19952.62314968879
None
19952.623149688803
99763.11529124818
19952.62314968879
99762.80550134605
19952.62314968879
99763.05164832373
19952.623149688807
99763.11364319966
19952.62314968881
99763.09903065568
19952.62314968879
None
19952.62314968879
99763.11454904241
19952.62314968879
None
19952.623149688796
99763.10616863798
19952.62314968879
99763.11258705973
19952.623149688796
99763.0780221502
