76057292.54818565
90470510.52258512
77392182.2341182
None
80506068.6932811
None
80363173.95268407
96741867.1686365
74728061.60063703
89028476.27684198
78352100.28562142
94421608.5042784
76870683.59020798
92537410.85196199
79868268.74619687
None
74969986.09386176
None
74423498.62883084
90798208.3541276
157722691.25144437
161995119.8677341
76880522.07263756
89113230.85697243
118089717.02293082
132273297.3743883
81831285.0644389
98045091.69960222
99250558.05361044
None
77050782.52292134
89401282.79821809
76837781.40859546
None
73295591.20960967
88943887.75875714
79178188.48605482
93484673.45199887
137935118.06505233
149140651.4211649
