127.31512551525483
130.99186576539648
154.09363839781665
257.07649055440436
133.0722542118392
156.00174812511588
124.21444526414454
255.97073802713373
145.87468406114624
139.13417406070585
158.5819877848085
144.612434646667
134.91374626925608
145.6951678800983
176.19105044510795
181.1056879628861
134.26032059214452
246.65938645834342
128.02479285685013
166.54417878905522
152.16646908887577
168.3701676348843
132.16143388623865
136.08645283249226
174.3123630561536
129.86437838299167
137.45611616045136
135.14889313311681
127.65364572537409
129.64927394048016
141.63744813457123
130.15973690803415
167.90482240295322
124.18989349963576
176.07135971173406
208.5867525267676
127.0120778520073
146.9356511677635
166.01979059155758
167.07559924157195
131.87685867253035
119.0496129647628
170.9737269169841
215.6292942083577
148.57040615369272
131.6529778949545
166.49353667272663
178.46955015842747
208.34535092274464
132.16240784940192
