63.92059203175213
121.40332393221102
115.74739708789537
117.25062146932662
62.95347056589011
122.13809541750885
116.46585345652322
116.15757882242153
63.041968426772804
125.04465020961707
122.13313516004082
124.08299590751027
81.20506417213007
161.41012355816576
166.21243818837317
157.73576281072755
78.6052193903523
155.63248427076158
148.25903569439237
153.59044143568053
59.45912445784676
110.27937673661715
106.23305776466212
106.3771472921528
75.701405236002
149.6171612177099
153.83313414094806
159.47178710272522
57.535491680857575
105.03633249157902
102.4903116718455
103.23305862764863
58.804158621802245
111.05574409151798
107.78913155627905
109.58783222914101
60.29223827110197
110.12984341667034
106.88370752026312
107.45308775243754
57.03039581655426
108.49995622583381
101.72792081566466
103.18178274118974
72.58034911357191
143.42358446624172
139.2378500265476
136.29976370256475
69.47927555937763
138.02057902722072
134.7911635025983
129.48288521918025
81.20690466215916
161.62815437727747
174.36527125449737
182.59692899959765
60.15430989658744
113.82059665228756
109.89090344647335
112.49676934525544
66.2890841174038
129.27987351354142
125.32808696259143
123.56432889382258
79.7078920459073
157.41577485413717
159.2808711836953
157.227399089984
71.11653804304723
140.19390378737276
139.44564383049558
142.48843817465536
61.150869406150626
118.28176121812997
113.16647108219568
110.61920087584772
82.36883809278363
160.0157648006563
146.41512838697466
140.36168258371575
