5.5881
13.3553
12.5865
13.0918
5.4954
12.6332
12.5722
12.2598
5.5231
13.3954
12.5921
13.0644
5.2197
12.7874
12.6605
12.2813
5.4741
13.0844
13.3029
13.0019
5.3208
12.5226
12.8878
12.5643
5.5936
12.9498
12.9540
12.7767
4.6591
11.9085
11.2994
11.5991
5.5810
13.0375
12.8225
13.0423
5.7704
13.5432
13.4107
13.1776
5.7377
12.9245
13.8286
19.1610
6.9261
14.8707
12.5295
13.0506
5.7976
13.4541
15.6427
14.5826
6.0507
14.2427
14.5260
21.1648
6.6003
15.6322
14.9325
15.1360
6.7248
15.9203
15.2491
16.0760
6.6367
19.0897
16.7058
18.4602
7.0958
18.9981
15.4180
15.6390
8.5304
20.5297
20.4411
22.8828
8.5696
21.9939
22.3761
22.4527
