59.53166257825359
59.531657140243624
52.03789176827726
54.04340584705682
51.120899497591914
53.98561647957081
50.70947526128862
53.400714808288086
44.797922566227214
50.29093422700288
46.975802200457316
47.52224661800085
55.377592127884036
55.37758247040907
49.6875382371195
53.17467836829794
48.22607085017258
50.91103079271458
47.09008622813252
50.30222892485494
57.94872039386913
56.74559965715985
56.95050515831549
56.95050306767321
49.581392556716395
49.58139168797964
63.561824799325656
66.19035818266694
44.37276642724048
44.91918684188894
46.49891360152037
48.01839494928698
46.802352317731156
51.07588596326406
51.550437368518395
52.79558899702724
67.83983918117583
67.83983030735706
51.94474978633164
53.70587835947171
