19952.623149688792
19952.602013533753
19952.62314968879
79809.06813987637
19952.62314968879
59857.862799873954
19952.62314968879
59857.68897631036
19952.62314968879
99763.04895043698
19952.62314968879
39905.05938602798
19952.623149688792
19952.58603289757
19952.62314968879
59857.84304426132
19952.62314968879
79810.43741197497
19952.62314968879
99762.91416356983
19952.62314968879
19952.61502170678
19952.623149688792
19952.61521026895
19952.623149688792
19952.62067297571
19952.62314968879
39905.172411844855
19952.62314968879
39905.19893176421
19952.62314968879
39905.23361303805
19952.62314968879
79810.2529198566
19952.62314968879
39905.24539949877
19952.623149688792
19952.58611285058
19952.62314968879
39905.21640671168
