132070361.28500798
132070349.20054139
114528648.37394947
118985346.32679293
112490887.77242647
118856925.51015735
112021056.13619693
118001588.46286242
97550939.03606047
109757631.61556195
103501782.66768293
104716103.59555744
122839093.61752008
122839072.15646458
109305640.52693221
117054840.81843986
105835713.00038351
111802290.65047683
103311302.72918336
110449397.61078873
128552711.98637584
125879110.3492441
126334455.90736774
126334451.261496
109069761.23714754
109069759.30662142
140804055.10961255
146645240.40592653
98161703.17164549
99375970.75975318
102664252.44782305
106040877.66508217
102005227.3727359
111501968.80725347
113889860.81892978
116656864.4378383
150532975.9581685
150532956.23857126
114543888.41407031
118457507.4654927
