28.56433069096267
29.938120385841692
28.797438904057856
30.333024896595198
27.605546973543902
29.22205311466626
29.210424775967347
30.516523187741925
26.70852575179102
28.293433488817733
29.54785482717765
30.6961705479456
29.384036057127283
30.96052787956242
28.770605606511197
30.2647180900003
26.524410319368563
None
25.510944477643697
26.53915022186614
26.72112383686684
None
25.767319907240754
26.827348578182885
29.25795276907755
30.73111258063282
25.91515582662606
27.120540003321874
28.80794613540753
30.37517234599462
29.28291817539452
30.895689642602512
29.668203970280622
31.246668131354333
28.601827464691
30.12540922217037
28.340109327700645
None
27.685278691666966
None
