19952.62314968879
99763.08401466339
19952.623149688792
99763.1129066183
19952.62314968879
99763.10634984034
19952.62314968879
99762.82119615827
19952.62314968879
99763.1063363511
19952.62314968879
99763.05691047049
19952.623149688796
99763.1024379127
19952.623149688807
99763.07426526853
19952.62314968879
None
19952.62314968879
99763.08914518758
19952.62314968879
None
19952.62314968879
99763.11187650001
19952.623149688807
99763.08717797001
19952.62314968879
99763.08291235169
19952.623149688803
99763.1083331104
19952.623149688803
99763.10956112055
19952.62314968879
99763.09782272765
19952.623149688796
99762.3591355375
19952.623149688785
None
19952.62314968879
None
