77643306.90962672
91381203.85841694
79974389.04057857
95330248.965952
76055469.73543903
92220531.14666261
84104247.75967349
97165231.87741926
75085257.51791018
90934334.88817732
79478548.27177651
90961705.479456
77840360.57127282
93605278.7956242
79706056.06511198
94647180.90000302
73244103.19368562
None
71109444.77643697
81391502.2186614
75211238.3686684
None
73673199.07240754
84273485.78182885
76579527.69077551
91311125.80632822
75151558.26626058
87205400.03321874
80079461.35407528
95751723.45994622
76829181.7539452
92956896.42602512
80682039.70280622
96466681.31354335
78018274.64691
93254092.2217037
83401093.27700646
None
76852786.91666967
None
