47.72725557187182
105.33462964847301
99.330283450768
98.87584750690344
46.518895634808395
98.47394561774739
92.5236690173276
91.51194679053079
47.33843185477855
102.86878089518294
97.68752763710943
98.19300423004788
46.2082294128232
96.35521328735366
91.1178472430228
89.92548276979805
49.76136656017455
109.91567497951841
101.87151479803902
101.99108895995752
53.20554908345421
146.27815099192438
134.67646298168586
134.81412865461965
47.447915436520574
103.22955445411014
95.54327472429935
95.34134477715581
45.41222229866412
96.77590185407146
90.73123684652582
91.94089106619595
46.052543578062334
98.98635291102917
92.96865391198799
91.19001631953564
48.28257934063423
106.13114062241434
98.7157249220377
99.0066060192237
51.717228709129564
122.58963251972219
114.93767396182675
115.86348743678438
57.969156970161215
189.77817628580019
220.63096507521678
None
48.91932591729302
108.76610691139078
101.87156689008738
100.71935058234676
52.17733313016279
138.7121141003743
135.34906355714338
138.1078497821916
48.951633345919944
105.99414076584142
100.20506565512602
100.4281661428991
50.15449579516168
106.68496685050256
98.5054121315697
99.48905556055894
45.58225465723235
96.7238140871505
91.01752627782729
90.7901404831036
46.95343328708758
97.87648004651831
92.40895775398172
94.50618872293322
46.97625060947688
100.83021120389093
94.12178897506648
95.27195567094995
46.13258912162958
105.33999686815353
99.02888549501137
100.55015992885068
