10.4146
23.6766
24.2872
23.6791
10.4573
25.7174
26.1664
25.9130
11.1409
25.1764
24.6576
24.2584
10.9626
26.3278
25.4826
25.4685
10.8041
26.1212
25.4148
22.6354
9.3103
22.2358
23.0050
22.5462
10.3557
24.3158
25.6771
25.4834
10.2213
23.7349
21.9165
21.5318
10.5328
25.2864
27.6153
21.0286
7.8187
18.4945
17.1743
16.8941
7.2814
17.3499
16.9576
15.9452
6.9850
14.2235
20.7912
18.0994
7.5958
17.9909
19.4191
36.1402
16.3038
23.8137
18.3580
19.2913
10.2322
24.9831
24.6626
24.7816
12.3042
28.1913
27.7781
27.7292
10.0252
24.1758
24.0447
24.4602
11.4069
24.8191
24.8653
26.0402
10.9259
23.4274
23.4555
23.4481
8.9574
21.5044
21.4055
22.5282
