79.39694458379195
79.8053943336421
83.97135004014487
94.52586987741562
84.34091539145523
79.51800933345085
86.40136348408457
93.80411299935443
108.54985576105854
117.11326136568395
79.81058060958871
84.03329228535756
85.77196120299368
82.69651975203682
115.3661567189502
98.80603581049041
79.6038295772841
100.91373684425439
83.85195776522096
83.68866067111263
80.77886018453421
81.80968457045338
97.68968242979402
79.7737927678128
117.51927026282812
84.0620862709316
92.17612466622852
80.06755585130549
89.76958283342714
102.38868663104435
87.12897480437684
91.46783953392541
99.08521978338177
133.99770939790125
128.20411076034858
113.5855000548733
82.09163596112519
96.78412580078832
95.72034668508972
84.86112319672364
88.52863560445451
71.43400009226315
79.980134916891
91.48682930777173
120.8144460113519
96.62491330253626
109.25002561362565
104.61167717387136
88.70554793439742
89.74265226359677
