60.31692623443767
98.22066951351226
93.88476583922296
92.32605286690156
66.23856643142749
110.67631852068074
109.88022533677518
109.0176676547171
71.94403898478745
121.03574089423432
115.85978506661482
116.49661237516067
85.61289021632774
141.90247931783279
135.52496862829472
132.66081092313362
101.20538895894033
168.55667254473417
169.4468783043802
174.6973002447442
63.70937770256618
108.69537967075817
102.0136258351652
103.95948051010932
85.69823532430526
142.71141245865272
142.03270274540486
135.4906977853357
66.40005469919203
110.10884638484413
107.15723065506607
104.31542606373421
69.62730237460784
117.168746506502
112.80128085632161
111.38061490516317
64.55190988664263
106.80760822983373
104.04301657261821
103.89366227698874
94.28840389219323
157.02835917508725
148.51402110060005
140.7265733116374
73.35195274110455
121.31418927728903
116.72975956321545
113.46327393258176
67.78967084015353
112.05065904986616
108.11969159237769
108.99500234537408
87.09328853122531
141.49113341152173
147.94694239134898
148.414584066631
77.81433384544377
128.92056337154258
130.96145306343902
128.39328955356007
72.46643893982508
120.56737189253762
122.36180911781331
119.80503740895412
68.9115036748789
116.15231707765783
115.83518006751582
114.89465123455915
67.27391045785951
115.7997521782844
113.50356134033642
114.44180840714449
60.84718988891892
99.7303496718344
96.0823937175707
96.97113494913643
67.00602447599324
115.10451918128355
111.96384740484399
110.22236223456926
