5.4062
13.4399
13.3771
13.1535
5.0181
12.9015
12.1507
12.1618
5.8808
14.0063
13.3712
13.7050
5.5740
12.4647
11.7763
11.6161
5.4773
13.1480
12.7990
13.2371
5.1756
12.6336
12.5022
12.7745
5.4525
13.3106
12.6817
12.9816
5.4143
12.6317
12.4557
12.5793
5.6122
13.1621
12.5803
12.7028
5.6057
12.4968
12.4034
12.5542
5.7462
12.7663
13.2891
12.6166
6.3019
14.1459
13.4965
13.8910
5.7476
12.8815
13.1053
12.9465
5.0626
12.4305
12.8331
12.3127
5.4655
13.4831
12.7885
12.8954
5.4593
12.8369
13.0336
12.9750
5.7428
12.9171
13.2264
12.7771
5.9063
14.1501
13.7519
13.6985
5.5554
13.0512
13.2057
12.9243
7.2056
13.8717
12.7834
13.2093
