94.65454263720306
106.0527045080066
107.64110120696104
111.95782969845925
107.65231664739008
120.60581375992854
120.36568433770029
119.32488588180549
101.9748959883364
115.39413346372349
113.35510769789735
116.91847451167258
187.550364908297
208.2781810525037
193.29282121426053
177.56368964681437
113.62501853766075
129.06847369721916
129.3745866570736
126.17910173001168
100.50845305800348
113.51584209459543
111.8486532308796
111.58197892386352
95.56163228245418
106.06846762114668
105.89275308003336
103.92673865655537
100.07241719456105
117.82969419704563
114.88163588269687
113.43115972376442
146.30301984686412
158.82482612682912
157.51736151043565
150.26391776222056
132.89248149253598
144.25255942378183
157.29800707697066
171.90052338404462
138.25808735003136
150.11730464762044
154.3086322986748
153.95914395132726
101.3683950669568
112.52043326443311
113.5336381399636
112.42562648216935
103.77864045073213
116.30172147268988
114.09334070086953
117.16636325909012
92.47161449689145
100.34682636308116
97.41827272554652
94.51757717386653
116.67299085485959
130.6287808597295
125.30911196090716
119.25843600942149
102.78671206240638
119.85467237012013
116.0634934662608
119.49271997711635
108.95951569675243
126.38205382983793
125.68107185142429
126.6380899703614
93.91968818586035
110.63671068261647
107.55898692714453
106.23317224717863
90.4768641137829
105.4449356914251
101.27771338082466
100.84035773182994
105.19890517675103
114.22712524701147
112.78671247230876
115.17771394842342
