5.6820
12.7192
13.1210
12.5711
6.1907
14.3841
13.4391
13.6666
5.6509
12.7243
13.1346
12.9388
5.5318
13.8867
13.6756
13.9795
5.4531
12.9016
12.9792
12.5119
5.9365
13.1690
13.2946
15.4856
5.4661
13.1320
12.9678
12.9832
5.7993
14.1073
13.0533
13.8108
5.5353
12.8397
12.8812
13.1637
4.7544
11.5926
11.6368
11.5110
5.4869
12.9701
12.9588
13.4211
5.6878
14.0091
13.6608
13.9620
5.5390
13.0882
12.5525
13.4377
5.0639
12.7324
12.4539
12.6367
5.4663
13.2624
12.6909
12.8776
5.0922
11.9710
11.9158
11.7815
5.6648
13.3379
13.0070
12.6519
5.8409
13.4395
13.8431
13.2465
5.5317
13.0511
12.9505
12.9695
5.1360
12.2335
11.7169
11.9922
