102.7820269707097
104.84401883683863
104.37859716060413
107.66834530103161
172.0577721779368
172.05776308648908
164.49999671088526
165.41348725130783
94.35983303029677
95.57411274743022
93.77179112834862
93.3671550129732
173.46612945843808
173.46611606957075
177.88805525165188
165.00148920238897
138.7523718847207
140.81441663131605
145.6611946681306
141.8944355118745
132.64028288571703
132.64026443896165
124.59828694392556
125.96496619869114
109.96281605939159
116.64809228247645
114.41697592743648
117.02659816925657
114.5808836363856
120.11900798105022
117.04326333480493
115.0702824393903
132.0361390421663
129.1407847272143
129.40709076482108
127.01675841109196
119.10719084952119
116.36592013209633
115.12758345404553
118.04092068366954
148.8380788982755
148.8380768260499
148.58829273239095
139.14186444715364
106.15984141265494
112.26921402114417
112.448327507392
110.05983021125145
102.16898768768893
112.52769627527589
111.22784515206227
110.18432578369847
141.4233174460613
141.4233031163643
137.57437258262163
137.0486703529968
126.16068662217883
126.16066366031944
128.66751515435362
134.23244837388262
107.28851835946249
107.28851491914853
108.06079023801333
105.88564558867678
107.14365276118524
115.47226899788042
114.58201552039425
115.1844091523856
125.5740897888578
130.3909793817434
129.85733046307763
124.36284073797975
121.98098313508461
121.98097193205604
124.39203404568153
122.33201906204357
102.30118869579202
107.11792089503008
107.13583517295501
103.43370218748649
