5.2025
12.4720
12.8088
12.3644
4.9674
12.0223
12.0023
11.8573
5.3072
12.9882
12.4120
13.0188
5.0752
11.6597
12.0849
12.2094
5.3850
12.8714
12.6264
13.0319
5.3190
12.2395
12.6764
12.7197
5.5552
12.7136
13.1447
12.4413
5.0414
11.6424
11.3062
11.6520
5.5251
13.0656
13.3497
12.5675
5.1929
12.4429
12.7509
12.2116
5.5775
13.2617
13.9212
13.1170
5.0075
12.1470
12.2747
11.7366
5.6631
12.8447
12.5811
13.2255
4.5821
11.9615
11.2457
11.2628
5.6524
12.6842
12.7946
12.9390
5.5088
13.8733
13.0700
13.0354
5.1426
13.3319
12.8466
13.3384
4.9606
12.2684
11.7054
11.7309
5.4502
12.9599
12.7984
13.0631
5.3153
12.2127
12.6745
12.4466
