40.96964926116514
44.703664875612766
49.17805929213911
49.66379853232005
44.19708337285303
48.08461715633867
44.65496909573337
50.05483742030573
46.71450994430114
47.200247793203246
45.31966247478446
48.75010399715841
43.93637068240878
48.62592381721494
46.785885071057116
48.84485345045769
45.06646208188155
48.966313162419524
67.5408343266504
66.00112505229906
51.452613097125955
52.421424159416794
57.076390946128
57.562128800556685
44.825199365756845
49.246715976092325
44.40401203556332
46.18665082942183
57.79535904264908
58.281100639744416
51.162025053709456
50.06640048455195
43.726864943560365
45.785758930901856
45.80816171905631
48.03306041126005
50.653944086018555
53.27559333572612
43.419760347761475
47.89866828222605
