19952.62314968879
79810.44437835012
19952.62314968879
39905.209556017915
19952.62314968879
99763.01932022806
19952.62314968879
79810.4887253361
19952.62314968879
39905.07081997519
19952.62314968879
79810.07475573773
19952.62314968879
99762.9079306675
19952.62314968879
79810.24642997351
19952.62314968879
79810.42854143216
19952.623149688792
19952.61635532799
19952.62314968879
59857.324402545135
19952.62314968879
39904.73446215116
19952.62314968879
79810.42924840061
19952.62314968879
79810.40396234096
19952.62314968879
39904.96864243549
19952.623149688792
19952.584993500917
19952.62314968879
79810.44064420924
19952.62314968879
59857.81477346056
19952.62314968879
79810.45365579186
19952.62314968879
79810.45815103047
