98424123.15291284
107759162.18903191
120945148.23034778
122159496.33080013
104492708.43213257
114211542.89084668
105137422.73933342
118637093.55076432
115286274.86075284
116500619.4830081
109799156.18696114
118375259.99289604
102340926.70602195
114064809.54303734
113464712.67764279
118612133.62614423
106666155.20470387
116415782.9060488
168352085.81662598
164502812.63074762
126631532.74281488
129053560.39854197
141690977.36532
142905322.0013917
106562998.4143921
117616789.9402308
108510030.0889083
112966627.07355456
143488397.6066227
144702751.59936103
127405062.63427363
124666001.21137987
103817162.3589009
108964397.32725462
110020404.29764077
115582651.02815014
122634860.21504638
129188983.33931528
106049400.86940369
117246670.70556511
