116.01383277762173
113.67596367471084
131.52208496908176
99.3939075389897
115.524551390276
156.00174812511588
109.08005930128596
102.9319857436358
120.80655149420431
139.13417406070585
154.600468508061
144.612434646667
128.08187990573788
145.03673627677537
122.54346272153273
139.41052691817944
103.06651322270666
115.40322583861354
108.57488635401741
132.32125241088463
105.3094338599474
159.05001955846555
131.09472663482214
118.1960386568814
163.06076027597953
121.54452008754978
132.2762746967443
133.43150134195199
117.02045490027763
109.02485732779132
112.03339860036446
119.04561397897099
116.75902877507019
119.12696006346324
122.42801945647432
208.58675252676758
74.696029991312
129.85081452896657
166.01979059155758
113.63831765472611
127.26429483555611
110.11365003134601
75.88981704897063
98.38512388474835
103.63581741975625
103.70707020559261
123.61705608426358
123.36571082660181
130.1659732663008
125.9848917768889
