86.65511372392615
93.791079567723
117.9520249842774
108.23822120063855
97.4054997697102
133.83988574353765
100.08568301556014
132.8405940542366
98.80926185539728
109.46834045430522
102.63837016664716
115.95250783224812
113.99293609401059
117.35863698526072
94.59114502666672
99.3724968896809
122.21874575515537
95.77513264239177
114.57398896789417
103.52744308086729
92.05877563898771
113.87608460480641
85.28756014628985
118.49784347817926
118.00796490388429
102.80225676178492
112.78617910934294
107.5746013682598
130.09476010652781
80.48174176513561
121.35292179192264
81.79874405310314
98.67043190877202
143.44890571175048
143.87302365906626
226.01608163827512
138.5318189418318
113.99264782841789
109.33210571002314
109.75387801331783
98.68163566987734
127.41299323388033
124.05283204765671
103.09371786279758
112.58382446089281
121.35105774072957
107.96794036251683
95.91896792869623
96.8782949462264
95.3049813171621
