61.44610654103799
62.80910797918311
58.41880978587461
60.81769715134566
62.91546834433688
66.70377658851689
73.29281614390152
63.58510678438946
66.5189449607664
60.07454122745473
67.15950818770865
63.198205837757705
59.38077773752512
63.42248948161339
69.53617875813748
65.40171161653836
64.0438056385761
59.72907666461366
59.197885228097014
61.7796310604141
69.73761309905973
60.175246907128624
68.98141680602882
70.08257422658413
63.292388139185036
65.23199565618162
67.03612369803528
66.9500706676481
65.00792104631904
60.614340617752816
68.08245986987951
68.14139350284444
64.3860152867049
69.618161114651
66.80455421094024
66.40680318729237
64.4906745927132
67.53701621719094
67.29342832107078
65.69273203778337
65.34649627957033
64.37324506918928
65.07204877036034
68.85573228843865
67.57316420614907
62.796614957577326
66.94193511339374
71.04098421929919
61.32591629096961
62.72809311011149
