25.000000000000007
25.00000000000001
22.00000000000003
24.000000000000025
26.000000000000032
25.00000000000003
18.0
21.0
21.00000000000003
21.000000000000032
27.0
29.00000000000003
26.00000000000002
26.000000000000043
23.0
19.0
21.00000000000003
18.00000000000003
26.00000000000003
22.000000000000004
25.00000000000003
25.00000000000003
19.00000000000003
18.00000000000003
29.0
23.000000000000043
19.0
17.0
20.00000000000003
24.0
16.0
20.000000000000004
27.0
22.0
22.0
26.000000000000004
23.00000000000003
20.000000000000004
19.00000000000002
18.0
26.0
22.00000000000003
21.00000000000003
22.00000000000003
21.00000000000003
20.0
24.000000000000007
20.000000000000007
27.000000000000032
26.0
