67.5795475813863
67.51199127823618
66.4940183216103
61.54868857638988
73.89604635764714
66.19145399282874
56.33636744990785
47.4308749536334
66.89014383673671
57.03546653116181
64.79402655004286
51.28840781639118
63.99486754848266
64.08251856580893
47.27255086634703
56.28047435027415
59.497444056705035
44.630337405698185
60.37940918561142
61.331974610262705
75.15442140473891
108.01429220830678
60.48380062018752
50.70358571451477
57.98752796848127
63.39623430440163
67.5996000489977
92.22555967414836
88.42083625241935
51.09834647995105
63.16197615668432
74.85005286895395
66.75254649502224
46.72294016304871
57.476857985946864
74.57583035132446
59.2507950074984
72.02473296401345
68.81962279296606
50.480049903232064
51.73999304216737
66.5551453016955
77.6756432605201
54.16088312214867
71.86346957931484
54.099756631748185
66.59437266910695
56.71372860364865
42.95003455863344
67.19223766276036
