72.93837916959998
77.04714839062075
73.6377911924736
71.03931375051502
76.68766170362672
72.20305094661771
78.44651552968239
75.81462632470742
71.70441317968181
70.07546646176115
113.04526332697992
69.95526517590895
88.67087082443098
73.36979356108037
84.7931997023344
69.89708188616419
78.25562180949142
104.62323510844945
78.48338628405398
70.5358026036771
77.66419497596733
108.27354489263234
71.00368149315346
87.37387368754621
72.54493306026782
80.59861304131354
72.19099820360194
93.63937972142594
88.48395255840906
78.75555046594981
134.82781149364544
109.03155577401999
72.02618530469272
67.73523029804078
75.95168487455129
84.49658840885779
72.78450611723667
90.25179905632649
71.77933200319062
86.7004900032247
79.72149032703294
70.9112939820404
86.79919334647312
71.3042548474929
75.3842617862642
74.14748739140418
78.48838182202456
83.75820827577506
73.23046233203078
72.54038780968574
