158.79270876133162
198.24088400580868
145.16445415814005
182.2285200585058
109.10030294885213
145.76780233841131
120.01953113182746
151.96725522743256
111.78235710686448
143.17739361048612
99.90132640490776
137.62278905117654
128.67223635337263
160.59028033537302
108.125068580067
137.35994615887594
152.17891153528956
189.97363605470218
113.24533939149235
144.92726654664523
124.00755086169131
154.50942818625302
118.70589739030014
150.8252059276683
167.1555150975054
208.69439048744502
141.6731320308492
176.84140527334134
128.69431784085683
160.6178727102429
122.12529523408132
154.44723472995506
120.30755357148925
151.1573899544394
135.62110169451242
169.27636516724996
104.24687168660039
133.75808273452776
137.4853960135992
173.53735674133875
105.56577446928263
131.7301358386038
98.45247803848908
130.01213893944424
154.832560309015
193.290678180604
93.15593921718073
125.82163819319362
179.72277508443057
224.40346604100537
128.93028846621038
165.1291050480683
155.15441392800255
193.6930025470725
107.08644590812489
137.20273969161238
145.55665411721196
181.69579876058594
108.74505714750028
141.38685336626492
211.66166691554997
264.32707949934024
98.57179457566288
131.55390578995835
109.17103196993739
138.65658304575703
114.66617439989928
144.10566526885475
110.81663720882855
141.14033199702314
109.57332026413091
140.31133010463432
162.58595180777021
202.98241126584355
142.9876891755517
178.48457064907782
111.87465589150383
149.02007035351775
112.84873529030433
142.49149368486795
129.76830810533366
161.96036328535237
126.78010040764165
158.22511015722282
108.59028941315897
145.72001211975643
148.0225233674428
184.77812226523716
118.43483455350939
148.8164808137438
171.5374257962607
214.17177194893947
105.02522459150501
143.17276397883214
134.5816669893783
167.97706148896054
101.91630775493444
134.6345290411071
103.95317001502578
131.23196066232708
