8.8721
23.8226
9.3930
23.3320
9.0058
24.0623
9.0435
24.1595
9.5188
23.6488
8.9100
24.1680
8.9478
24.2794
9.4297
23.7315
8.9572
24.0149
8.9422
24.0126
9.5385
23.6885
8.9897
24.1340
8.9205
24.0275
9.3894
23.3560
8.7853
23.7225
8.9965
23.9595
9.4606
23.8012
8.9581
24.1490
8.9392
24.3556
9.4447
23.7745
8.9707
24.1131
8.8062
24.0183
9.3401
23.5210
8.7695
23.6032
8.8044
23.7639
9.4091
23.3547
8.9507
23.7362
9.1763
24.1382
9.6192
23.7336
9.1239
23.9398
8.9989
24.0484
9.3415
23.6277
8.9621
24.0991
11.9845
28.3066
13.7508
31.9845
9.0444
24.2970
8.9716
24.1485
9.5895
23.8417
9.0279
24.3269
8.9939
24.3634
9.5118
24.0156
9.2495
25.2678
9.1488
24.1351
9.6258
23.8077
9.3776
25.7077
9.1826
25.0282
9.8906
25.7765
9.0591
24.0290
8.9769
23.9767
9.5122
23.4381
