60.359975885242555
58.76862670628588
72.6020186515371
58.030350572217344
66.56794018291299
58.98163574465095
62.752687915237175
61.34842215176014
59.38428516393421
63.8451319235063
59.52480866143202
58.58176872035353
58.54064279491982
61.140512960496
57.83094481622791
60.50730841163023
72.83627777726927
57.80866132214858
59.63808147417369
65.20745664675874
59.34845617922811
57.125367925706
59.68387706268249
74.74616483720007
61.52294677182926
57.17945287429066
58.15045081521307
57.080909764880545
56.95144606816484
57.49220773563603
59.537675416741465
58.64727782977546
57.24328253305942
58.17406727211733
59.7295245957542
57.17176207955562
57.100258066602294
59.67545220482432
59.19076761294134
60.0789495745327
63.70400531272757
58.03200386828833
62.144873484628405
72.0233914100562
60.59165499512692
57.88297506667108
58.36280030141799
61.355517912421185
61.2480997594801
60.56289519599093
