49.28044932377464
49.336940539285784
60.33762520101972
54.53148624756765
49.540093581061406
48.94137106308494
53.48007394082209
47.979242735353935
49.42793059158536
52.19289040964667
53.61306874964573
49.579749121636645
49.281431394067226
55.65280286356908
48.12466468146993
51.22071650318477
50.67600641162122
48.81431926073213
52.296246689927976
52.02371193344614
57.34921179159917
50.19648972658549
52.05071773477845
49.55888192758665
55.78106237006777
51.51069212507013
49.15788608580391
57.481151092648794
51.68941023838651
51.83341300083377
53.77068520786781
49.24249251559503
50.09019490289337
52.642996459862935
49.352925707137345
48.47400108456524
55.844147191449004
51.42509373227392
