46.486488552812084
48.4159445091594
37.91224708174478
39.868128349135034
40.59897327193686
43.050685685092645
35.75249906803448
35.93324797557071
36.37774915039538
37.28344169745761
32.64221285266753
35.06016068607316
33.207583319869805
35.76361125311709
35.96877651509142
37.534793127626656
30.95524072887921
33.72270381117672
33.90860068217866
36.836516218587576
31.905494803945484
None
35.403761563583004
37.40808295303043
31.284045056271903
32.42606321806935
33.49079863728305
36.02951833168126
31.13766140500171
None
32.60464565242992
None
32.63709496759233
36.02598433178382
33.2538423966881
36.591108116257686
37.79702322518547
41.0060621642985
33.766507816923685
37.07170883100042
