19952.62314968879
99763.08817656887
19952.623149688814
79810.2515578492
19952.62314968879
99762.97815568048
19952.62314968879
79810.44863212523
19952.62314968879
79810.19815424015
19952.62314968879
79810.42918294793
19952.623149688796
79810.43409121665
19952.62314968879
79810.1846391483
19952.623149688803
79810.44733902696
19952.623149688807
79810.47413375617
19952.62314968879
None
19952.62314968879
79810.45375421157
19952.62314968879
99763.10348693858
19952.62314968879
99763.02437372899
19952.62314968879
None
19952.62314968879
None
19952.62314968879
99763.09819219532
19952.62314968879
79810.46758768338
19952.623149688945
79810.48125769303
19952.62314968879
99763.11148373564
