163945954.21124834
171663778.0366376
123648988.32697903
131472513.39654014
136395893.08774745
146202742.74037057
125009996.27213793
125732991.90228283
133510996.60158153
137133766.78983045
104568851.4106701
114240642.74429265
102830333.27947922
113054445.01246837
121875106.06036568
128139172.51050663
79820962.91551684
90890815.24470688
97634402.72871463
109346064.87435031
95621979.21578193
None
119615046.25433202
127632331.81212172
83136180.22508761
87704252.87227741
97963194.5491322
108118073.32672504
86550645.62000684
None
82418582.6097197
None
84548379.87036933
98103937.32713526
107015369.5867524
120364432.46503074
117188092.90074188
130024248.65719399
81066031.26769474
94286835.32400168
