100.64495274343214
125.575337377752
120.64978698436082
123.8932347742322
140.84495757622133
123.48756421410415
122.21718784636154
99.58870746000679
175.5450012565428
155.5971722174529
111.85535856654559
109.81384943688388
127.54862841674239
156.06736954230988
142.22526482461902
102.10576780414713
134.43430219553758
112.15263497439916
124.01675521108527
106.64225366939712
113.59815294743974
105.7972077075075
183.92304451669548
102.87612862261547
160.72247276569712
134.98240893753115
101.2660996722348
116.31434701752734
115.99569511182648
155.3575300364647
153.42353823458467
109.20813389633142
119.56030245582224
130.62457833825562
117.36974988078296
143.8263231761098
102.70795087573245
114.96939601346307
102.900386464476
111.72430029966847
132.18333919560337
136.80341397606418
98.88133232697686
133.90593535030396
136.40271627690896
181.2592403148198
150.83578687714228
100.32871791949087
129.778970597915
125.87794481030639
