62.26149188285373
95.52298434187186
88.69860504869835
88.71103692063755
64.02938524406335
98.05876065894296
91.76623964879572
91.68428476818588
62.93373004763767
98.86745967030342
92.86208412404855
93.1936168543497
73.22257589354885
126.44513629663395
116.35125854531776
117.1844994486366
61.0880012173851
94.17600491481073
88.85118445850296
89.40613559519493
68.6659697618988
112.3318300760695
105.04009665301218
105.55421238361285
62.13163656408797
97.26327680782707
90.41748503187175
89.52807475627455
63.491026842890115
103.98205135828788
97.36947991612011
98.45591658988677
63.18311141403023
98.36622349890538
89.710573941692
90.14221258386638
63.453503703101205
101.90702463200235
96.19948018757722
94.91302173968141
67.90513202630167
105.81026125123549
102.1870814281928
100.24641479435438
62.09713531465577
98.19427111005284
93.48492439139397
92.1931487210289
73.32837311195958
127.65674570890161
121.84590915684193
122.83506390329146
59.650375992351606
92.30076018992953
86.37971809765796
85.96233094074901
63.62245797329005
105.24491178822208
99.18700189518343
101.27251450958691
61.43185706574802
96.90953501371251
91.09077240599758
90.83081091034602
67.77219099605813
108.54434597544402
101.71317083216616
101.14141097909915
68.24134106005897
113.48265829356816
107.10707601385027
107.71662629999001
62.23181181222792
95.4636256358851
88.61921215997803
88.51841244060267
66.41586684271248
107.83173935613945
104.09372941713387
100.08858116236438
67.17033639017427
105.34067038819536
98.11214079292456
97.43450791203095
60.605372051775255
91.21074402557822
84.25566138046689
84.6218596371719
63.1982058377574
97.39641183543063
90.94571772711332
90.80970395803507
61.92929327557698
97.85858033835483
92.5850067869148
92.27318903060701
60.47000143865163
91.94001023029894
86.79945202641753
86.1021546469922
67.308395513198
None
None
None
64.07875996795414
100.15752330659646
95.30373635339326
94.52673753121529
63.82127098045229
102.64253884692778
96.88710227175812
96.45872764040854
69.75252237453054
115.50504187532087
107.87087311332257
108.4427203486572
64.78016784057822
99.56034929876242
93.56152362469778
92.65060452334815
66.85412023258564
111.70823835987507
103.57187281893313
103.92373935211529
61.51570183318672
97.03140163192609
92.35795817696898
91.6580794212825
64.93100860972906
103.8620146397657
98.03677779984287
97.68333224667332
64.78179655631459
102.56361001022456
96.18061641007847
95.26880194854876
62.58803135181301
96.17608447545683
88.84194347587517
88.83394404645873
63.27459947288044
95.5491995341178
89.46364212018456
88.45897539724041
60.06490470396849
91.12980619818364
84.87764374078792
85.14199095739701
66.26125851070756
None
None
None
63.153915003364084
100.30782973922655
94.02691932920881
93.96981002902423
65.23347158407402
103.46694139498179
97.16767095563252
96.69103155341489
69.75554151013316
None
None
None
64.5150325374543
None
None
None
62.04776718213597
95.09554169698663
87.74691846566749
89.3787380142898
68.50831879534024
113.01662050935417
106.38216964308232
107.65160152675668
69.15434852324665
118.30869168777784
111.57589799246202
113.14768061645862
68.56663050342387
116.13325442063889
109.43097463443945
108.01886501251447
71.25121071782499
120.50244266565889
119.80267060224713
116.0354033709331
69.95551638245773
109.06981167578073
103.98949574398792
100.62981041809084
63.466661644431134
96.93332133831433
91.76884553638287
91.26030927092064
78.277572441903
138.55511930892717
129.59818265147018
128.24803276021305
65.5478898141242
None
None
None
63.14679182762836
100.29357780005289
94.29585246829045
93.6361692732314
67.06721104861401
115.13441999630248
110.23789643178958
109.04835687807187
64.95939185244329
103.91878220227804
98.23685023727201
96.91772788700831
67.15309398968057
114.30616732046624
107.89889216536424
108.21761373822737
68.09534555421396
111.19068495024132
104.54059118895911
104.66782589345344
66.4738439844065
107.9476716351062
101.43513805423066
100.70859538187926
63.26715739715725
100.53430482306692
95.45764328733705
96.57720628919841
61.37591334099472
95.7518270334042
89.51743456821205
91.53544620667262
65.2967749639462
102.59359316910526
94.6717501461127
95.24929390510364
69.23495829568859
120.46991637735269
113.45520783850789
113.22790715666538
62.16102329524111
98.32204496504691
92.18522825274488
92.31943356147238
68.60813192916243
114.66263228328756
108.25508380486953
110.6151888247816
64.29858544394484
102.59716713033761
96.17339610292582
97.00583221604033
64.38601528670472
101.77202936526616
95.41688140440792
96.97504404267296
61.25643428842696
93.51286786539903
86.57330897878418
88.25074361817231
70.87006735329918
114.20234060962233
106.53847025530534
106.72721744844098
70.42827372097378
118.8565450447923
114.37272775202786
113.17038224033311
67.09029023996308
112.18057744152101
108.63752916239375
108.29300667645312
66.91054796794252
108.8210947297243
101.83909689891273
102.06808239904052
66.9994915719115
None
None
None
64.00949076609027
103.01896754524473
96.87247106359851
98.07713406570421
64.92280733500348
103.84560985108679
98.66055745893361
98.9835676036852
60.844804050187236
94.68960751138312
89.37669073377675
88.85554613075003
68.39715073733332
None
None
None
64.07640908295336
100.15281818316282
95.039312724525
95.78884611645285
67.55742281824597
114.11484461937715
108.36394158686923
108.3854858528249
59.557577584674235
92.11515512335959
85.17021410837661
85.59764267340077
67.48473442422485
110.96947021402919
104.76609680829053
106.90774195072127
62.71575692841706
95.43151140637528
90.30107534660125
90.0223996198614
65.38812733978605
103.77625381184642
98.13280439034023
97.26127273758806
69.44704340645436
116.8940827724501
111.30703622828449
111.72000115745797
64.71989839541334
105.4397959786608
100.43484941494475
98.57166849526266
68.70917073097701
114.41834028125947
109.94835679426073
107.54213836994828
65.54849543416054
106.09698612349126
98.97051013444802
100.67270607828864
66.46707978362397
105.93413894281684
98.24810847152804
99.97244702081659
71.17035966525467
116.34070581933537
113.29137102969442
108.9277915349446
68.97434720365212
111.94869137483764
108.10955120091452
106.61023001060973
68.55830600886503
112.11660738455893
103.93223978973995
105.39055615543248
63.87987849380722
None
None
None
65.02211164062035
102.04421540338308
95.14885914328603
94.35877720928649
73.63319145311833
128.26638114324805
125.43668761949517
128.63136381296383
67.05812223107867
110.11623587777049
105.04046425025477
105.28313744576734
70.8624881297969
123.72497168469079
118.3110736683803
116.3686245018965
71.1996474857267
120.39928440906822
117.02318655082159
116.37381908782581
60.75824327647821
94.51646986303885
89.61912742142886
89.63347773341494
61.74150269853821
93.48300087015919
89.09479837373435
87.1464520805521
65.72862944332923
98.34969899992619
92.73052935697305
92.00436828631989
62.77849338887335
98.55698673258418
92.3320563740758
92.91675016226226
59.98813000336564
90.9762610522278
85.25643236122849
83.52377473382874

