5.4019
12.9335
13.6335
14.3175
7.7852
15.2539
16.1642
16.6656
6.3647
15.4526
15.9040
14.9637
5.5732
14.7739
15.2724
14.5862
5.9459
15.5938
16.2403
16.9297
6.4007
15.5285
17.5984
16.2850
6.3733
15.1837
15.1061
15.7694
6.2782
14.8458
14.4436
14.1525
5.3587
14.1735
13.1430
12.9512
5.2628
12.6971
12.7747
12.1045
5.9147
13.7498
13.1794
13.4910
4.8437
12.4809
12.2069
12.2648
5.0554
13.2676
15.9557
15.6852
4.9752
12.9681
12.6577
13.0538
5.5816
14.1876
15.1325
14.1550
5.2840
12.4004
13.0063
12.9222
6.6367
14.6203
14.2975
14.4300
5.8662
13.9378
14.3690
14.2143
6.3956
14.9917
14.1892
14.5722
5.5742
14.2101
17.8102
15.7726
5.5869
13.2227
12.9955
13.1753
5.5176
13.8984
13.8504
15.4171
6.3154
15.2922
16.0196
14.8615
5.3961
13.5146
13.3614
13.1445
6.2685
14.6320
15.6223
14.4934
5.4733
13.7423
12.3059
13.8941
6.3557
15.1507
15.2277
14.3975
5.9691
13.8470
14.5319
13.7660
6.0713
14.8787
14.8869
13.4924
5.4522
13.8221
13.3865
14.1409
5.4296
13.5734
13.0757
13.4677
5.1367
13.1174
12.9740
12.5785
5.1519
15.3448
14.2033
14.3442
7.0524
19.9769
16.3532
16.5045
6.8061
16.3056
16.2186
16.4565
7.2213
17.6019
17.3007
16.8710
6.2285
16.4672
16.1451
16.2476
6.0627
15.2670
15.6281
14.9782
7.2186
16.2934
15.4428
15.6992
6.7557
16.2539
16.2307
15.8224
5.9289
14.8239
14.6707
14.7290
6.2237
16.2181
15.9984
18.1116
6.5645
15.1552
15.2997
15.1128
6.9479
14.6361
13.6384
14.6074
6.3151
15.2560
16.2209
15.1579
5.6380
14.5593
13.5940
14.6965
6.7294
16.4933
16.0405
15.2362
6.2864
15.9831
15.4052
15.8497
6.4081
15.8090
16.1707
15.4536
6.5960
15.1833
14.7893
14.7255
6.3046
18.5359
20.4267
16.4457
6.3136
15.9823
15.1361
15.4831
9.0271
23.2129
22.5848
21.7476
8.3055
20.4879
20.4850
19.8472
8.1906
22.6948
19.7090
20.1233
8.0727
19.7059
20.8116
17.0545
7.9019
15.9838
16.2733
15.8767
7.4035
18.4067
18.5603
17.0829
6.4863
15.5177
15.3906
14.6756
6.7803
15.9914
15.3864
16.2181
6.6148
15.9444
14.9077
16.4080
5.3896
14.9832
15.5678
13.6097
7.0602
14.9926
14.8339
15.2920
5.6810
13.5923
13.8600
16.1799
8.0958
15.7517
16.2887
16.1967
7.6868
16.2927
16.6125
16.2014
6.2032
19.9510
16.2393
15.1484
6.4331
14.5650
15.6534
18.0470
11.1720
16.1609
14.2916
15.9006
6.0599
16.8712
17.1309
16.0372
7.1424
16.5350
15.8922
14.7505
5.9888
14.7540
14.4191
14.1030
5.9462
14.3685
14.9104
14.7832
6.4881
13.5694
12.3611
13.2854
5.7901
14.3722
13.9303
15.7980
5.6650
14.3476
14.4829
14.2198
5.8595
14.9715
14.4240
14.0147
5.4152
12.3270
12.8355
12.4600
6.0198
13.7875
14.5533
14.2021
6.4972
16.2431
15.9677
15.2630
5.7235
14.4183
14.4083
14.0495
6.0653
14.2781
14.0731
14.4869
5.5236
14.2006
14.0300
14.2122
5.1912
12.8364
12.2164
12.0937
6.3890
15.6950
13.8199
14.2995
5.5072
14.7139
13.9030
14.0060
5.6218
13.9942
13.9558
14.3434
6.8199
15.3588
15.0973
16.2364
5.9447
14.5200
14.2661
14.4419
7.0361
14.6100
15.3320
15.2710
5.6351
16.3455
16.1542
15.5547
6.0086
15.1372
15.6490
14.5189
6.4555
15.2145
14.6545
15.2971
6.1337
15.5590
16.5077
15.7900
6.6871
15.2503
15.8122
15.0774
5.7529
13.7314
13.3525
13.9710
5.9911
15.3230
14.2682
14.8788
6.3458
15.1888
15.5900
14.5170
6.1348
13.8007
15.5534
13.9323
6.0168
14.3666
14.0458
14.6051