40.60979557287886
44.791692648884705
43.613647256404924
45.70190661847017
38.20749201275048
40.98704803175768
37.322664541538096
39.17174393421339
39.323837261212695
40.75761851146488
40.28880224677061
43.29921672791773
39.98493602483423
43.36350710341772
55.087465699703905
55.809176498897806
44.94651400896298
47.13900183337331
36.252351216584174
39.443942527224856
39.20259408121177
40.344575006997474
34.01922235204047
37.31679158747647
41.196512437534004
43.14324913902273
41.907893072168115
44.23260554537556
56.34467321905075
56.34466498102068
44.866636183883784
48.39499131792222
39.86649228007194
41.841553261808464
38.60082810716058
41.23324696451236
45.21471398932805
47.18985871662842
42.20343349319696
45.08158900607694
