19952.62314968879
99763.07925047867
19952.62314968879
79810.32046141593
19952.6231496888
99762.88049223347
19952.6231496888
79810.25410553966
19952.62314968879
59857.76551615496
19952.623149688792
99762.9350317472
19952.62314968879
99762.9058778252
19952.62314968879
39904.94684116377
19952.62314968879
79810.38560756168
19952.62314968879
79810.43695441446
19952.62314968879
59857.82166973819
19952.62314968879
59857.85026665503
19952.62314968879
59857.82917923237
19952.62314968879
79810.4696167445
19952.623149688792
19952.582525681682
19952.62314968879
99763.09657495312
19952.62314968879
99762.96278233155
19952.62314968879
79810.48362614709
19952.62314968879
99762.91097905542
19952.62314968879
99762.97274375962
