109170844.49393961
121119121.85395631
118610420.73258549
124576876.05277191
102307120.03642996
110248708.66216482
96350470.11868028
101633554.09775254
102925249.31775057
107021767.17561394
102253720.70505889
110854904.93690781
103956960.07095493
113610020.29547921
154821330.5705826
156883361.4254223
121561468.59703709
127825719.52392375
93292432.04738335
102411264.36349958
105150268.8034622
108413071.44856423
86912063.86297278
96333690.24993278
109990035.53581144
115552140.3972078
110308265.92048034
116950301.55821592
160127637.76871642
160127614.2314877
119618960.52538225
129699975.19406348
104475692.22877698
110118723.60516705
102573794.59188738
110094991.32717818
121470611.39808014
127113882.04750977
105152667.1234199
113375968.58879127
