63.26952364595696
78.06727551767388
75.08636076435438
75.24164269315828
68.7063753645511
73.69353676524509
86.04872753624221
68.84313138618992
108.07693893438956
117.11326136568395
77.42782308894284
72.66360696800584
62.26126410907553
65.92086856396496
71.92117756583949
66.11255146905755
72.3553515065731
77.17343502215867
66.96411944917871
70.53404841736511
56.61960849946514
77.92384076530847
62.34537883610997
75.82941386824531
71.46047248336943
67.58513398178641
75.61836420114437
67.82443956597466
59.82319350006455
102.38868663104435
77.54941656465479
75.05469222852656
78.45429213772776
63.86342187631003
96.0198735067546
83.38480106756064
65.86392362708936
68.28878010648877
61.48410334285067
69.55979962706158
69.26412399478397
63.04473502931097
70.72865094726195
74.8358472290618
64.36381613318709
59.23502924942902
75.03887687859046
68.34963465262595
67.85945071499027
73.1283344859297
