41.59278928796589
103.69253373563531
97.98485670808738
97.41219601819455
41.09282884100377
103.17718857353867
98.04933683147826
96.61650862986441
42.14278065064023
106.04152568025829
98.38022249381604
99.57151834697447
43.539351052605085
124.36613520253381
123.7030783144355
120.99497498451386
41.85306215995779
105.60147564970418
100.7994662007048
99.2315147356951
38.48729823486339
97.65135653789467
89.93759691172943
90.35389177815445
41.36504945636781
101.3915525298851
93.054385297717
94.34392648459608
40.253302210974965
95.56087508040649
88.43202238614147
88.98219175056144
41.185212862853135
101.47830994654265
94.13202071106309
93.22224209161357
41.532937325665735
104.99718084236254
97.19485995974411
97.23932995293445
47.25112973689452
142.76615329582123
162.04614620264812
131.9329524239123
44.455116952534595
109.77190014037545
102.79095304185682
105.87587851321912
45.36777683861902
121.42342524533463
119.22036636898015
119.25102313456183
45.234774470001994
112.65581826606032
107.17300797662512
112.01003961096964
42.51828986556362
107.01290691675834
98.46564314908034
101.17512748840036
41.38228039246678
105.95870156828975
101.19067251443735
102.36653519075213
39.69474493009939
91.85047262075405
85.77912666223088
85.41198621176764
39.811265469858725
98.77929642174995
92.6572261453594
93.86836603323755
41.73426613619492
104.09929901321573
98.30004715193198
98.14367492786984
44.07711925592294
119.5779281479886
112.86655855348562
112.83633271807513
