10.9455
23.2229
23.3244
24.2217
9.6390
24.2846
24.3925
25.4375
9.9132
25.3976
23.7432
23.9640
8.9923
21.6761
21.1732
22.8898
10.8744
24.1682
23.6840
23.8078
8.7530
21.9338
20.9090
21.5677
10.5314
25.3303
26.8737
19.4004
6.5833
16.2026
17.7482
16.4853
6.8444
15.8970
15.6658
15.5928
6.6196
15.0017
14.4997
14.3116
6.5721
14.4590
15.0670
14.6948
6.5579
15.4671
15.1513
14.6754
6.2612
14.6976
13.6358
14.1725
6.4640
15.4522
15.0199
14.8747
5.9893
14.4984
15.1051
14.2516
5.8299
13.5074
13.4635
13.4288
6.4210
14.1707
13.7142
13.7167
5.9767
13.3972
13.3393
13.6873
6.2451
13.8104
13.8459
13.4374
5.9811
13.3713
13.4026
13.3469
