96.4081423964
191.27107515923362
97.6928726100209
194.65868918919497
68.53818305432017
123.62329578882539
85.80006671571158
171.0548409903692
78.37001393428774
149.46320187650466
99.6303506251724
198.80132375279126
91.22905764628754
181.90097536058062
85.18614015309446
170.32281220915453
83.36766800257352
160.8806676628171
73.7327668289337
136.255635258352
101.25639687769628
201.51279128636565
72.21687709444653
133.6587311210639
84.35331006509584
164.63018547373747
80.61431667924168
158.415849098604
67.70394982456034
116.03596344967777
119.17607812099894
237.35215527619758
68.02056556622097
115.64209480334851
71.03475944279961
131.98117849253666
68.65540492921129
127.0636529956545
71.84917475576856
129.8222888395118
82.23824735849527
161.56089393151478
72.57601039671982
133.2031439036097
115.95371408083066
230.90742406332518
72.87680902469278
142.94367736945503
88.406787027792
176.40418176969933
77.44422316921072
149.65545237130672
68.42475679265834
121.1215808476465
69.64721966680108
124.10600720366968
72.90260298113266
135.43974301500637
73.46959800130456
140.4200454325378
84.04338302553708
163.68659320085587
75.79464315329251
149.16141159908076
72.2026401093101
132.3411042255906
67.95500108228248
121.12042982856401
76.33826236834336
149.89536673614995
87.97839294786684
175.3996131879992
85.56158227986707
167.57787039895484
68.75387645528522
128.63698059059524
71.09576036975821
133.70968979401238
70.59816412436064
130.28570229974653
107.46777642150064
212.93553441781958
73.48684679255864
136.09415612855383
78.13863362085098
152.50986757331376
88.23788658312789
174.5916914369651
69.01644114481779
124.45982129152559
71.049921730335
130.91285036769114
94.25502521191129
186.51002591588446
72.1590433137999
128.1833642366002
76.58493204365212
146.14789681586896
94.36225417133593
187.90510766183584
