9.5814
24.5334
10.0765
24.5450
9.5461
24.8103
9.7265
24.7947
10.1520
24.3364
9.7618
24.4987
9.7956
24.8339
10.2278
24.3078
9.4857
24.7798
9.6734
25.0171
9.8800
23.9474
9.6281
24.6993
9.5510
24.7152
10.0817
24.0046
9.6552
24.6478
9.6120
24.8981
10.0293
24.4694
9.6328
24.5356
9.4999
24.9718
10.0270
24.2620
9.5177
24.4367
9.8149
24.7626
10.1564
24.1575
9.6078
24.7942
9.3424
24.2659
10.0276
23.9788
9.6587
24.3999
9.5017
24.4201
10.1856
23.9323
9.5599
24.5086
9.4201
24.4050
10.1225
24.2934
9.5880
24.5418
9.5220
24.7520
10.0955
24.1977
9.7999
24.5764
9.6274
24.0897
10.3113
24.3496
9.7117
24.4405
9.6415
24.7561
10.0786
24.5856
9.5807
24.5075
9.6063
24.2258
9.8969
23.8165
9.5211
24.2339
9.4977
24.2108
9.9272
24.0493
9.7128
24.4201
9.7539
24.7196
10.2498
24.0207
