99.86816504650253
151.70942838381285
156.39085333336442
222.98692900340396
95.81248361597548
140.10952409054784
135.5274239663978
194.02642669942003
95.64440300307305
144.10929407606434
120.93450669338556
172.3350026853411
84.17892227590332
119.66898215407002
98.03470704175213
144.7061306973261
105.78695461003488
152.6008986692287
120.88093110943521
173.1028558991862
104.02360468332662
150.33369344445924
93.46059097426563
135.64308681116694
92.63171705625123
134.09897309069513
86.4089393648462
131.83891482715336
109.33101458748604
157.01348461786841
149.97903343941726
213.82718435286466
115.50343711199446
164.1477546764941
138.3823854740867
197.2605323437646
125.78382036576227
179.26256531002232
87.87266174630265
127.36222782430833
96.0217030887923
142.9071249297362
113.76680723272169
162.09540857032718
95.63130253700189
134.0319361353013
114.75989527684999
165.1976040683308
116.01166080567752
167.45952674526728
118.0667168477193
168.65397969013338
92.21976880664583
138.1975721796569
132.91344388369203
190.2921454692182
103.18555534541407
154.6106585349462
117.2031230124038
167.04219729479578
129.5112118216072
192.57356984014962
92.98857036244856
136.09817754642305
113.45092289618336
169.95405275459268
138.61350656001449
205.6398604250797
90.36629232178328
132.81652532177552
111.8238419413485
160.5746520163054
119.83305789002699
170.76149842407818
94.6801223822087
142.3722661163957
111.64932954803677
160.32535715160094
120.02206504009783
171.87586801645043
102.64570640738556
148.93589163602468
127.65733759120694
181.93901193188503
145.04507910158733
206.77867507161986
95.7987359246742
147.7588201598821
93.5598711280867
134.95683586452978
96.57048889043303
141.77565143773344
115.88432995188568
166.803915961064
96.74064300829008
143.7565839389026
93.23183176799458
131.46125749122578
143.7400032076298
204.91427688696965
