9.0678
24.0073
9.3311
26.1237
10.3188
24.0432
9.0167
24.0189
9.7124
26.3946
9.5054
23.8740
9.0900
24.2544
9.0481
24.5118
9.5925
23.9493
9.0345
24.3937
15.8485
26.1289
10.3750
25.4507
9.3950
26.6362
11.7458
25.8041
9.6715
24.0479
9.2981
26.1856
9.2681
24.6382
9.7244
24.4337
9.3813
24.7187
9.0772
24.7605
9.7993
24.3168
9.0698
24.5018
9.2793
24.4530
9.7765
24.1448
9.1802
24.0502
9.2363
24.7274
9.8611
24.0372
9.1914
24.5284
9.2480
24.3863
9.6301
23.7980
9.1706
24.1739
9.1003
24.2668
9.5972
23.8123
9.1270
24.2376
9.4576
24.7788
9.7058
24.0208
9.5747
24.4996
9.2236
24.6151
9.8294
24.2096
9.3345
24.7117
9.2755
24.5994
9.7395
24.1477
9.4122
24.4082
9.4399
24.3283
9.8083
24.0526
9.3365
24.5462
9.2872
24.6504
9.6111
23.7832
9.4665
24.4703
9.4500
24.6091
