59.20637700163704
132.8422735321582
129.61954364121334
134.58806328276498
56.57406862131205
127.00320663752949
121.99435235036876
120.22158786101072
77.67287548319595
192.68218458400048
184.24815279084635
205.8487813845779
52.8099298574295
106.90335116536795
101.28756326394122
100.44540435363048
52.13531631136563
102.93296540452519
98.19636640559808
98.93424601961773
48.61896218675078
96.20151731448563
91.75926371959501
91.29789862549401
51.83749558679042
100.13930643154133
93.60482610817016
93.26895659586194
50.25296207201573
95.31026922060454
89.37731085424599
89.37423482491808
53.64696756700902
104.93460334123088
99.22159132097987
99.66356896153725
51.037244331658314
104.3130189260658
99.8250757557677
99.4910467626244
69.6970085833739
170.005407986244
161.58177549384732
175.6929534038524
50.14596981893239
96.23518629486176
91.41282930335908
90.12789418297645
64.2001951854189
156.78378583750603
149.5083516898875
145.62970264220104
56.86753472105217
121.09490106484378
115.92339295827328
116.39695176135821
51.83811481666311
97.1589119572539
89.80894676751657
91.93274824381821
53.373695774866704
107.71623821633715
103.51458922268299
102.93280424749152
65.21355212912074
156.5046607618101
156.6075169680159
155.04389287081798
62.7494254703693
154.79550007678574
143.91474786409253
152.85755632112873
52.28275230280369
105.12850141391078
99.09811106974851
99.22207325077726
52.384745971294564
99.36298211066945
93.12400834771384
92.9714152773408
