10.9696
25.8393
25.1820
26.1221
10.0989
24.4088
25.0759
24.3163
11.7141
25.8268
25.8472
25.6781
10.1789
24.3303
24.6732
25.0213
11.2327
25.5627
25.8563
25.0314
10.1501
23.6369
23.2909
23.2041
11.4888
25.5753
25.3048
25.6838
12.6460
29.0277
27.9492
28.7676
11.5714
26.7120
26.0213
26.0108
10.5504
25.6757
24.4498
25.2134
12.0427
27.4332
17.1644
15.8320
6.8260
16.7905
18.9272
16.4019
9.3357
19.4229
17.3771
18.8147
9.3861
18.9977
16.3750
18.0177
7.6164
17.4245
16.3160
16.8311
6.6623
16.4616
15.8790
15.8519
7.1489
16.4830
16.8772
16.3875
6.3207
14.8771
17.8162
19.2505
10.6294
25.0154
24.2780
25.3768
11.2339
28.9711
27.0142
24.8726
